   0.0000000e+00   0.0000000e+00  -1.1273080e+02   2.5348400e+02
   1.0000000e+00   5.4827298e-01  -1.1273080e+02   2.5348400e+02
   2.0000000e+00   1.0965460e+00  -1.1273080e+02   2.5418500e+02
   3.0000000e+00   1.6448189e+00  -1.1273080e+02   2.5372900e+02
   4.0000000e+00   2.1930919e+00  -1.1273080e+02   2.5286000e+02
   5.0000000e+00   2.7413649e+00  -1.1273080e+02   2.5200800e+02
   6.0000000e+00   3.2896379e+00  -1.1273080e+02   2.5005300e+02
   7.0000000e+00   3.8379109e+00  -1.1273080e+02   2.4911500e+02
   8.0000000e+00   4.3861838e+00  -1.1273080e+02   2.4690600e+02
   9.0000000e+00   4.9344568e+00  -1.1273080e+02   2.4439800e+02
   1.0000000e+01   5.4827298e+00  -1.1273080e+02   2.4096100e+02
   1.1000000e+01   6.0310028e+00  -1.1273080e+02   2.3610500e+02
   1.2000000e+01   6.5792758e+00  -1.1273080e+02   2.2918900e+02
   1.3000000e+01   7.1275487e+00  -1.1273080e+02   2.2237000e+02
   1.4000000e+01   7.6758217e+00  -1.1273080e+02   2.1590400e+02
   1.5000000e+01   8.2240947e+00  -1.1273080e+02   2.1398600e+02
   1.6000000e+01   8.7723677e+00  -1.1273080e+02   2.0307300e+02
   1.7000000e+01   9.3206406e+00  -1.1273080e+02   1.9373600e+02
   1.8000000e+01   9.8689136e+00  -1.1273080e+02   1.9104000e+02
   1.9000000e+01   1.0417187e+01  -1.1273080e+02   1.7994200e+02
   2.0000000e+01   1.0965460e+01  -1.1273080e+02   1.6743100e+02
   2.1000000e+01   1.1513733e+01  -1.1273080e+02   1.6298000e+02
   2.2000000e+01   1.2062006e+01  -1.1273080e+02   1.5893100e+02
   2.3000000e+01   1.2610279e+01  -1.1273080e+02   1.5488200e+02
   2.4000000e+01   1.3158552e+01  -1.1273080e+02   1.5112100e+02
   2.5000000e+01   1.3706824e+01  -1.1273080e+02   1.5024600e+02
   2.6000000e+01   1.4255097e+01  -1.1273080e+02   1.4842500e+02
   2.7000000e+01   1.4803370e+01  -1.1273080e+02   1.4577800e+02
   2.8000000e+01   1.5351643e+01  -1.1273080e+02   1.4383200e+02
   2.9000000e+01   1.5899916e+01  -1.1273080e+02   1.4407100e+02
   3.0000000e+01   1.6448189e+01  -1.1273080e+02   1.4601100e+02
   3.1000000e+01   1.6996462e+01  -1.1273080e+02   1.4401100e+02
   3.2000000e+01   1.7544735e+01  -1.1273080e+02   1.4023900e+02
   3.3000000e+01   1.8093008e+01  -1.1273080e+02   1.3623900e+02
   3.4000000e+01   1.8641281e+01  -1.1273080e+02   1.3176600e+02
   3.5000000e+01   1.9189554e+01  -1.1273080e+02   1.2876600e+02
   3.6000000e+01   1.9737827e+01  -1.1273080e+02   1.2476600e+02
   3.7000000e+01   2.0286100e+01  -1.1273080e+02   1.2176600e+02
   3.8000000e+01   2.0834373e+01  -1.1273080e+02   1.1923900e+02
   3.9000000e+01   2.1382646e+01  -1.1273080e+02   1.2323900e+02
   4.0000000e+01   2.1930919e+01  -1.1273080e+02   1.3301100e+02
   4.1000000e+01   2.2479192e+01  -1.1273080e+02   1.4078300e+02
   4.2000000e+01   2.3027465e+01  -1.1273080e+02   1.4414200e+02
   4.3000000e+01   2.3575738e+01  -1.1273080e+02   1.4902800e+02
   4.4000000e+01   2.4124011e+01  -1.1273080e+02   1.5480000e+02
   4.5000000e+01   2.4672284e+01  -1.1273080e+02   1.5486000e+02
   4.6000000e+01   2.5220557e+01  -1.1273080e+02   1.5721900e+02
   4.7000000e+01   2.5768830e+01  -1.1273080e+02   1.5998000e+02
   4.8000000e+01   2.6317103e+01  -1.1273080e+02   1.6226800e+02
   4.9000000e+01   2.6865376e+01  -1.1273080e+02   1.6215400e+02
   5.0000000e+01   2.7413649e+01  -1.1273080e+02   1.6215400e+02
   5.1000000e+01   2.7961922e+01  -1.1273080e+02   1.6244200e+02
   5.2000000e+01   2.8510195e+01  -1.1273080e+02   1.6144200e+02
   5.3000000e+01   2.9058468e+01  -1.1273080e+02   1.6044200e+02
   5.4000000e+01   2.9606741e+01  -1.1273080e+02   1.5944200e+02
   5.5000000e+01   3.0155014e+01  -1.1273080e+02   1.5844200e+02
   5.6000000e+01   3.0703287e+01  -1.1273080e+02   1.5726800e+02
   5.7000000e+01   3.1251560e+01  -1.1273080e+02   1.5626800e+02
   5.8000000e+01   3.1799833e+01  -1.1273080e+02   1.5462100e+02
   5.9000000e+01   3.2348106e+01  -1.1273080e+02   1.5362100e+02
   6.0000000e+01   3.2896379e+01  -1.1273080e+02   1.5321900e+02
   6.1000000e+01   3.3444652e+01  -1.1273080e+02   1.5215900e+02
   6.2000000e+01   3.3992925e+01  -1.1273080e+02   1.4588200e+02
   6.3000000e+01   3.4541198e+01  -1.1273080e+02   1.4711000e+02
   6.4000000e+01   3.5089471e+01  -1.1273080e+02   1.4711000e+02
   6.5000000e+01   3.5637744e+01  -1.1273080e+02   1.4533800e+02
   6.6000000e+01   3.6186017e+01  -1.1273080e+02   1.4333800e+02
   6.7000000e+01   3.6734290e+01  -1.1273080e+02   1.3886500e+02
   6.8000000e+01   3.7282563e+01  -1.1273080e+02   1.3609300e+02
   6.9000000e+01   3.7830836e+01  -1.1273080e+02   1.3532100e+02
   7.0000000e+01   3.8379109e+01  -1.1273080e+02   1.3532100e+02
   7.1000000e+01   3.8927382e+01  -1.1273080e+02   1.3496200e+02
   7.2000000e+01   3.9475654e+01  -1.1273080e+02   1.3478800e+02
   7.3000000e+01   4.0023927e+01  -1.1273080e+02   1.3401600e+02
   7.4000000e+01   4.0572200e+01  -1.1273080e+02   1.3101600e+02
   7.5000000e+01   4.1120473e+01  -1.1273080e+02   1.2865700e+02
   7.6000000e+01   4.1668746e+01  -1.1273080e+02   1.2765700e+02
   7.7000000e+01   4.2217019e+01  -1.1273080e+02   1.2788500e+02
   7.8000000e+01   4.2765292e+01  -1.1273080e+02   1.2792800e+02
   7.9000000e+01   4.3313565e+01  -1.1273080e+02   1.2692800e+02
   8.0000000e+01   4.3861838e+01  -1.1273080e+02   1.2515600e+02
   8.1000000e+01   4.4410111e+01  -1.1273080e+02   1.2179700e+02
   8.2000000e+01   4.4958384e+01  -1.1273080e+02   1.2031300e+02
   8.3000000e+01   4.5506657e+01  -1.1273080e+02   1.1684000e+02
   8.4000000e+01   4.6054930e+01  -1.1273080e+02   1.1506800e+02
   8.5000000e+01   4.6603203e+01  -1.1273080e+02   1.1269800e+02
   8.6000000e+01   4.7151476e+01  -1.1273080e+02   1.1092600e+02
   8.7000000e+01   4.7699749e+01  -1.1273080e+02   1.0932800e+02
   8.8000000e+01   4.8248022e+01  -1.1273080e+02   1.0595800e+02
   8.9000000e+01   4.8796295e+01  -1.1273080e+02   1.0488700e+02
   9.0000000e+01   4.9344568e+01  -1.1273080e+02   1.0411500e+02
   9.1000000e+01   4.9892841e+01  -1.1273080e+02   1.0240300e+02
   9.2000000e+01   5.0441114e+01  -1.1273080e+02   9.8805000e+01
   9.3000000e+01   5.0989387e+01  -1.1273080e+02   9.6919000e+01
   9.4000000e+01   5.1537660e+01  -1.1273080e+02   9.6076000e+01
   9.5000000e+01   5.2085933e+01  -1.1273080e+02   9.4076000e+01
   9.6000000e+01   5.2634206e+01  -1.1273080e+02   9.2706000e+01
   9.7000000e+01   5.3182479e+01  -1.1273080e+02   9.0934000e+01
   9.8000000e+01   5.3730752e+01  -1.1273080e+02   8.9749000e+01
   9.9000000e+01   5.4279025e+01  -1.1273080e+02   8.8265000e+01
   1.0000000e+02   5.4827298e+01  -1.1273080e+02   8.5895000e+01
   1.0100000e+02   5.5375571e+01  -1.1273080e+02   8.5123000e+01
   1.0200000e+02   5.5923844e+01  -1.1273080e+02   8.4938000e+01
   1.0300000e+02   5.6472117e+01  -1.1273080e+02   8.2927000e+01
   1.0400000e+02   5.7020390e+01  -1.1273080e+02   8.0856000e+01
   1.0500000e+02   5.7568663e+01  -1.1273080e+02   8.0856000e+01
   1.0600000e+02   5.8116936e+01  -1.1273080e+02   7.9372000e+01
   1.0700000e+02   5.8665209e+01  -1.1273080e+02   7.7372000e+01
   1.0800000e+02   5.9213482e+01  -1.1273080e+02   7.5774000e+01
   1.0900000e+02   5.9761755e+01  -1.1273080e+02   7.7290000e+01
   1.1000000e+02   6.0310028e+01  -1.1273080e+02   7.2920000e+01
   1.1100000e+02   6.0858301e+01  -1.1273080e+02   7.1920000e+01
   1.1200000e+02   6.1406574e+01  -1.1273080e+02   6.9920000e+01
   1.1300000e+02   6.1954847e+01  -1.1273080e+02   6.8920000e+01
   1.1400000e+02   6.2503120e+01  -1.1273080e+02   6.9034000e+01
   1.1500000e+02   6.3051393e+01  -1.1273080e+02   6.8034000e+01
   1.1600000e+02   6.3599666e+01  -1.1273080e+02   6.7034000e+01
   1.1700000e+02   6.4147939e+01  -1.1273080e+02   6.5963000e+01
   1.1800000e+02   6.4696212e+01  -1.1273080e+02   6.3593000e+01
   1.1900000e+02   6.5244484e+01  -1.1273080e+02   6.2881000e+01
   1.2000000e+02   6.5792757e+01  -1.1273080e+02   6.0924000e+01
   1.2100000e+02   6.6341030e+01  -1.1273080e+02   5.9913000e+01
   1.2200000e+02   6.6889303e+01  -1.1273080e+02   5.7842000e+01
   1.2300000e+02   6.7437576e+01  -1.1273080e+02   5.6119000e+01
   1.2400000e+02   6.7985849e+01  -1.1273080e+02   5.2760000e+01
   1.2500000e+02   6.8534122e+01  -1.1273080e+02   5.0678000e+01
   1.2600000e+02   6.9082395e+01  -1.1273080e+02   4.8938000e+01
   1.2700000e+02   6.9630668e+01  -1.1273080e+02   4.5383000e+01
   1.2800000e+02   7.0178941e+01  -1.1273080e+02   4.0899000e+01
   1.2900000e+02   7.0727214e+01  -1.1273080e+02   3.7056000e+01
   1.3000000e+02   7.1275487e+01  -1.1273080e+02   3.2729000e+01
   1.3100000e+02   7.1823760e+01  -1.1273080e+02   2.9647000e+01
   1.3200000e+02   7.2372033e+01  -1.1273080e+02   2.6081000e+01
   1.3300000e+02   7.2920306e+01  -1.1273080e+02   2.3771000e+01
   1.3400000e+02   7.3468579e+01  -1.1273080e+02   2.1575000e+01
   1.3500000e+02   7.4016852e+01  -1.1273080e+02   2.0151000e+01
   1.3600000e+02   7.4565125e+01  -1.1273080e+02   1.8781000e+01
   1.3700000e+02   7.5113398e+01  -1.1273080e+02   1.8069000e+01
   1.3800000e+02   7.5661671e+01  -1.1273080e+02   1.7927000e+01
   1.3900000e+02   7.6209944e+01  -1.1273080e+02   1.7927000e+01
   1.4000000e+02   7.6758217e+01  -1.1273080e+02   1.7742000e+01
   1.4100000e+02   7.7306490e+01  -1.1273080e+02   1.6742000e+01
   1.4200000e+02   7.7854763e+01  -1.1273080e+02   1.7030000e+01
   1.4300000e+02   7.8403036e+01  -1.1273080e+02   1.7030000e+01
   1.4400000e+02   7.8951309e+01  -1.1273080e+02   1.7258000e+01
   1.4500000e+02   7.9499582e+01  -1.1273080e+02   1.7258000e+01
   1.4600000e+02   8.0047855e+01  -1.1273080e+02   1.7258000e+01
   1.4700000e+02   8.0596128e+01  -1.1273080e+02   1.7258000e+01
   1.4800000e+02   8.1144401e+01  -1.1273080e+02   1.6660000e+01
   1.4900000e+02   8.1692674e+01  -1.1273080e+02   1.6660000e+01
   1.5000000e+02   8.2240947e+01  -1.1273080e+02   1.7948000e+01
   1.5100000e+02   8.2789220e+01  -1.1273080e+02   1.6948000e+01
   1.5200000e+02   8.3337493e+01  -1.1273080e+02   1.6176000e+01
   1.5300000e+02   8.3885766e+01  -1.1273080e+02   1.6176000e+01
   1.5400000e+02   8.4434039e+01  -1.1273080e+02   1.7176000e+01
   1.5500000e+02   8.4982312e+01  -1.1273080e+02   1.7176000e+01
   1.5600000e+02   8.5530585e+01  -1.1273080e+02   1.6165000e+01
   1.5700000e+02   8.6078858e+01  -1.1273080e+02   1.4866000e+01
   1.5800000e+02   8.6627131e+01  -1.1273080e+02   1.7154000e+01
   1.5900000e+02   8.7175404e+01  -1.1273080e+02   1.7143000e+01
   1.6000000e+02   8.7723677e+01  -1.1273080e+02   1.7143000e+01
   1.6100000e+02   8.8271950e+01  -1.1273080e+02   1.7143000e+01
   1.6200000e+02   8.8820223e+01  -1.1273080e+02   1.8143000e+01
   1.6300000e+02   8.9368496e+01  -1.1273080e+02   2.1143000e+01
   1.6400000e+02   8.9916769e+01  -1.1273080e+02   2.5143000e+01
   1.6500000e+02   9.0465042e+01  -1.1273080e+02   2.8143000e+01
   1.6600000e+02   9.1013315e+01  -1.1273080e+02   3.3143000e+01
   1.6700000e+02   9.1561588e+01  -1.1273080e+02   3.4143000e+01
   1.6800000e+02   9.2109860e+01  -1.1273080e+02   3.5143000e+01
   1.6900000e+02   9.2658133e+01  -1.1273080e+02   3.4143000e+01
   1.7000000e+02   9.3206406e+01  -1.1273080e+02   3.1143000e+01
   1.7100000e+02   9.3754679e+01  -1.1273080e+02   2.8143000e+01
   1.7200000e+02   9.4302952e+01  -1.1273080e+02   2.5143000e+01
   1.7300000e+02   9.4851225e+01  -1.1273080e+02   2.4143000e+01
   1.7400000e+02   9.5399498e+01  -1.1273080e+02   2.2784000e+01
   1.7500000e+02   9.5947771e+01  -1.1273080e+02   2.1784000e+01
   1.7600000e+02   9.6496044e+01  -1.1273080e+02   1.8784000e+01
   1.7700000e+02   9.7044317e+01  -1.1273080e+02   1.7784000e+01
   1.7800000e+02   9.7592590e+01  -1.1273080e+02   1.6784000e+01
   1.7900000e+02   9.8140863e+01  -1.1273080e+02   1.6784000e+01
   1.8000000e+02   9.8689136e+01  -1.1273080e+02   1.5784000e+01
   1.8100000e+02   9.9237409e+01  -1.1273080e+02   1.5784000e+01
   1.8200000e+02   9.9785682e+01  -1.1273080e+02   1.5784000e+01
   1.8300000e+02   1.0033396e+02  -1.1273080e+02   1.5784000e+01
   1.8400000e+02   1.0088223e+02  -1.1273080e+02   1.5784000e+01
   1.8500000e+02   1.0143050e+02  -1.1273080e+02   1.5784000e+01
   1.8600000e+02   1.0197877e+02  -1.1273080e+02   1.5784000e+01
   1.8700000e+02   1.0252705e+02  -1.1273080e+02   1.5784000e+01
   1.8800000e+02   1.0307532e+02  -1.1273080e+02   1.5784000e+01
   1.8900000e+02   1.0362359e+02  -1.1273080e+02   1.5784000e+01
   1.9000000e+02   1.0417187e+02  -1.1273080e+02   1.5072000e+01
   1.9100000e+02   1.0472014e+02  -1.1273080e+02   1.5072000e+01
   1.9200000e+02   1.0526841e+02  -1.1273080e+02   1.5072000e+01
   1.9300000e+02   1.0581668e+02  -1.1273080e+02   1.5072000e+01
   1.9400000e+02   1.0636496e+02  -1.1273080e+02   1.4072000e+01
   1.9500000e+02   1.0691323e+02  -1.1273080e+02   1.4072000e+01
   1.9600000e+02   1.0746150e+02  -1.1273080e+02   1.4072000e+01
   1.9700000e+02   1.0800978e+02  -1.1273080e+02   1.4072000e+01
   1.9800000e+02   1.0855805e+02  -1.1273080e+02   1.4072000e+01
   1.9900000e+02   1.0910632e+02  -1.1273080e+02   1.4072000e+01
   2.0000000e+02   1.0965460e+02  -1.1273080e+02   1.4061000e+01
   2.0100000e+02   1.1020287e+02  -1.1273080e+02   1.3061000e+01
   2.0200000e+02   1.1075114e+02  -1.1273080e+02   1.3061000e+01
   2.0300000e+02   1.1129941e+02  -1.1273080e+02   1.3061000e+01
   2.0400000e+02   1.1184769e+02  -1.1273080e+02   1.3061000e+01
   2.0500000e+02   1.1239596e+02  -1.1273080e+02   1.3061000e+01
   2.0600000e+02   1.1294423e+02  -1.1273080e+02   1.3186000e+01
   2.0700000e+02   1.1349251e+02  -1.1273080e+02   1.3186000e+01
   2.0800000e+02   1.1404078e+02  -1.1273080e+02   1.3186000e+01
   2.0900000e+02   1.1458905e+02  -1.1273080e+02   1.3186000e+01
   2.1000000e+02   1.1513733e+02  -1.1273080e+02   1.1588000e+01
   2.1100000e+02   1.1568560e+02  -1.1273080e+02   1.1588000e+01
   2.1200000e+02   1.1623387e+02  -1.1273080e+02   1.1588000e+01
   2.1300000e+02   1.1678214e+02  -1.1273080e+02   1.1588000e+01
   2.1400000e+02   1.1733042e+02  -1.1273080e+02   1.2588000e+01
   2.1500000e+02   1.1787869e+02  -1.1273080e+02   1.2588000e+01
   2.1600000e+02   1.1842696e+02  -1.1273080e+02   1.1588000e+01
   2.1700000e+02   1.1897524e+02  -1.1273080e+02   1.1588000e+01
   2.1800000e+02   1.1952351e+02  -1.1273080e+02   1.1876000e+01
   2.1900000e+02   1.2007178e+02  -1.1273080e+02   1.1876000e+01
   2.2000000e+02   1.2062006e+02  -1.1273080e+02   1.1876000e+01
   2.2100000e+02   1.2116833e+02  -1.1273080e+02   1.1876000e+01
   2.2200000e+02   1.2171660e+02  -1.1273080e+02   1.2164000e+01
   2.2300000e+02   1.2226487e+02  -1.1273080e+02   1.2164000e+01
   2.2400000e+02   1.2281315e+02  -1.1273080e+02   1.2164000e+01
   2.2500000e+02   1.2336142e+02  -1.1273080e+02   1.2164000e+01
   2.2600000e+02   1.2390969e+02  -1.1273080e+02   1.2164000e+01
   2.2700000e+02   1.2445797e+02  -1.1273080e+02   1.2164000e+01
   2.2800000e+02   1.2500624e+02  -1.1273080e+02   1.2164000e+01
   2.2900000e+02   1.2555451e+02  -1.1273080e+02   1.2164000e+01
   2.3000000e+02   1.2610279e+02  -1.1273080e+02   1.2164000e+01
   2.3100000e+02   1.2665106e+02  -1.1273080e+02   1.2164000e+01
   2.3200000e+02   1.2719933e+02  -1.1273080e+02   1.2164000e+01
   2.3300000e+02   1.2774760e+02  -1.1273080e+02   1.2164000e+01
   2.3400000e+02   1.2829588e+02  -1.1273080e+02   1.2164000e+01
   2.3500000e+02   1.2884415e+02  -1.1273080e+02   1.2164000e+01
   2.3600000e+02   1.2939242e+02  -1.1273080e+02   1.2164000e+01
   2.3700000e+02   1.2994070e+02  -1.1273080e+02   1.2164000e+01
   2.3800000e+02   1.3048897e+02  -1.1273080e+02   1.1164000e+01
   2.3900000e+02   1.3103724e+02  -1.1273080e+02   1.1164000e+01
   2.4000000e+02   1.3158551e+02  -1.1273080e+02   1.1164000e+01
   2.4100000e+02   1.3213379e+02  -1.1273080e+02   1.1164000e+01
   2.4200000e+02   1.3268206e+02  -1.1273080e+02   1.1164000e+01
   2.4300000e+02   1.3323033e+02  -1.1273080e+02   1.1164000e+01
   2.4400000e+02   1.3377861e+02  -1.1273080e+02   1.1164000e+01
   2.4500000e+02   1.3432688e+02  -1.1273080e+02   1.1164000e+01
   2.4600000e+02   1.3487515e+02  -1.1273080e+02   1.1164000e+01
   2.4700000e+02   1.3542343e+02  -1.1273080e+02   1.1164000e+01
   2.4800000e+02   1.3597170e+02  -1.1273080e+02   1.1164000e+01
   2.4900000e+02   1.3651997e+02  -1.1273080e+02   1.1164000e+01
   2.5000000e+02   1.3706824e+02  -1.1273080e+02   1.1164000e+01
   2.5100000e+02   1.3761652e+02  -1.1273080e+02   1.1164000e+01
   2.5200000e+02   1.3816479e+02  -1.1273080e+02   1.1164000e+01
   2.5300000e+02   1.3871306e+02  -1.1273080e+02   1.1164000e+01
   2.5400000e+02   1.3926134e+02  -1.1273080e+02   1.1164000e+01
   2.5500000e+02   1.3980961e+02  -1.1273080e+02   1.1164000e+01
   2.5600000e+02   1.4035788e+02  -1.1273080e+02   1.1164000e+01
   2.5700000e+02   1.4090616e+02  -1.1273080e+02   1.1164000e+01
   2.5800000e+02   1.4145443e+02  -1.1273080e+02   1.1164000e+01
   2.5900000e+02   1.4200270e+02  -1.1273080e+02   1.1164000e+01
   2.6000000e+02   1.4255097e+02  -1.1273080e+02   1.0164000e+01
   2.6100000e+02   1.4309925e+02  -1.1273080e+02   1.0164000e+01
   2.6200000e+02   1.4364752e+02  -1.1273080e+02   1.0805000e+01
   2.6300000e+02   1.4419579e+02  -1.1273080e+02   1.0805000e+01
   2.6400000e+02   1.4474407e+02  -1.1273080e+02   1.0805000e+01
   2.6500000e+02   1.4529234e+02  -1.1273080e+02   1.0805000e+01
   2.6600000e+02   1.4584061e+02  -1.1273080e+02   1.0805000e+01
   2.6700000e+02   1.4638889e+02  -1.1273080e+02   1.0805000e+01
   2.6800000e+02   1.4693716e+02  -1.1273080e+02   1.0805000e+01
   2.6900000e+02   1.4748543e+02  -1.1273080e+02   1.0805000e+01
   2.7000000e+02   1.4803370e+02  -1.1273080e+02   1.0794000e+01
   2.7100000e+02   1.4858198e+02  -1.1273080e+02   1.0794000e+01
   2.7200000e+02   1.4913025e+02  -1.1273080e+02   1.0794000e+01
   2.7300000e+02   1.4967852e+02  -1.1273080e+02   1.0794000e+01
   2.7400000e+02   1.5022680e+02  -1.1273080e+02   1.0794000e+01
   2.7500000e+02   1.5077507e+02  -1.1273080e+02   1.0794000e+01
   2.7600000e+02   1.5132334e+02  -1.1273080e+02   1.0794000e+01
   2.7700000e+02   1.5187162e+02  -1.1273080e+02   1.0794000e+01
   2.7800000e+02   1.5241989e+02  -1.1273080e+02   1.0794000e+01
   2.7900000e+02   1.5296816e+02  -1.1273080e+02   1.0794000e+01
   2.8000000e+02   1.5351643e+02  -1.1273080e+02   1.0794000e+01
   2.8100000e+02   1.5406471e+02  -1.1273080e+02   1.0794000e+01
   2.8200000e+02   1.5461298e+02  -1.1273080e+02   1.0794000e+01
   2.8300000e+02   1.5516125e+02  -1.1273080e+02   1.0794000e+01
   2.8400000e+02   1.5570953e+02  -1.1273080e+02   1.0794000e+01
   2.8500000e+02   1.5625780e+02  -1.1273080e+02   1.0794000e+01
   2.8600000e+02   1.5680607e+02  -1.1273080e+02   1.1082000e+01
   2.8700000e+02   1.5735434e+02  -1.1273080e+02   1.1082000e+01
   2.8800000e+02   1.5790262e+02  -1.1273080e+02   1.1082000e+01
   2.8900000e+02   1.5845089e+02  -1.1273080e+02   1.1082000e+01
   2.9000000e+02   1.5899916e+02  -1.1273080e+02   1.1082000e+01
   2.9100000e+02   1.5954744e+02  -1.1273080e+02   1.1082000e+01
   2.9200000e+02   1.6009571e+02  -1.1273080e+02   1.1082000e+01
   2.9300000e+02   1.6064398e+02  -1.1273080e+02   1.1082000e+01
   2.9400000e+02   1.6119226e+02  -1.1273080e+02   1.1082000e+01
   2.9500000e+02   1.6174053e+02  -1.1273080e+02   1.1082000e+01
   2.9600000e+02   1.6228880e+02  -1.1273080e+02   1.1082000e+01
   2.9700000e+02   1.6283707e+02  -1.1273080e+02   1.1082000e+01
   2.9800000e+02   1.6338535e+02  -1.1273080e+02   1.1082000e+01
   2.9900000e+02   1.6393362e+02  -1.1273080e+02   1.1082000e+01
   3.0000000e+02   1.6448189e+02  -1.1273080e+02   1.1082000e+01
   3.0100000e+02   1.6503017e+02  -1.1273080e+02   1.1082000e+01
   3.0200000e+02   1.6557844e+02  -1.1273080e+02   1.1082000e+01
   3.0300000e+02   1.6612671e+02  -1.1273080e+02   1.0082000e+01
   3.0400000e+02   1.6667499e+02  -1.1273080e+02   1.0082000e+01
   3.0500000e+02   1.6722326e+02  -1.1273080e+02   1.0082000e+01
   3.0600000e+02   1.6777153e+02  -1.1273080e+02   1.0082000e+01
   3.0700000e+02   1.6831980e+02  -1.1273080e+02   1.0082000e+01
   3.0800000e+02   1.6886808e+02  -1.1273080e+02   1.0082000e+01
   3.0900000e+02   1.6941635e+02  -1.1273080e+02   1.1082000e+01
   3.1000000e+02   1.6996462e+02  -1.1273080e+02   1.0082000e+01
   3.1100000e+02   1.7051290e+02  -1.1273080e+02   1.0082000e+01
   3.1200000e+02   1.7106117e+02  -1.1273080e+02   1.0082000e+01
   3.1300000e+02   1.7160944e+02  -1.1273080e+02   1.0082000e+01
   3.1400000e+02   1.7215772e+02  -1.1273080e+02   1.0082000e+01
   3.1500000e+02   1.7270599e+02  -1.1273080e+02   1.0082000e+01
   3.1600000e+02   1.7325426e+02  -1.1273080e+02   1.0082000e+01
   3.1700000e+02   1.7380253e+02  -1.1273080e+02   1.0082000e+01
   3.1800000e+02   1.7435081e+02  -1.1273080e+02   1.1082000e+01
   3.1900000e+02   1.7489908e+02  -1.1273080e+02   1.1082000e+01
   3.2000000e+02   1.7544735e+02  -1.1273080e+02   1.1082000e+01
   3.2100000e+02   1.7599563e+02  -1.1273080e+02   1.1082000e+01
   3.2200000e+02   1.7654390e+02  -1.1273080e+02   1.1082000e+01
   3.2300000e+02   1.7709217e+02  -1.1273080e+02   1.1082000e+01
   3.2400000e+02   1.7764045e+02  -1.1273080e+02   1.1082000e+01
   3.2500000e+02   1.7818872e+02  -1.1273080e+02   1.1082000e+01
   3.2600000e+02   1.7873699e+02  -1.1273080e+02   1.1082000e+01
   3.2700000e+02   1.7928526e+02  -1.1273080e+02   1.1082000e+01
   3.2800000e+02   1.7983354e+02  -1.1273080e+02   1.1082000e+01
   3.2900000e+02   1.8038181e+02  -1.1273080e+02   1.1082000e+01
   3.3000000e+02   1.8093008e+02  -1.1273080e+02   1.1082000e+01
   3.3100000e+02   1.8147836e+02  -1.1273080e+02   1.0082000e+01
   3.3200000e+02   1.8202663e+02  -1.1273080e+02   1.0082000e+01
   3.3300000e+02   1.8257490e+02  -1.1273080e+02   1.0082000e+01
   3.3400000e+02   1.8312317e+02  -1.1273080e+02   1.0082000e+01
   3.3500000e+02   1.8367145e+02  -1.1273080e+02   1.0082000e+01
   3.3600000e+02   1.8421972e+02  -1.1273080e+02   1.0082000e+01
   3.3700000e+02   1.8476799e+02  -1.1273080e+02   1.0082000e+01
   3.3800000e+02   1.8531627e+02  -1.1273080e+02   1.0082000e+01
   3.3900000e+02   1.8586454e+02  -1.1273080e+02   1.0082000e+01
   3.4000000e+02   1.8641281e+02  -1.1273080e+02   1.0082000e+01
   3.4100000e+02   1.8696109e+02  -1.1273080e+02   1.0082000e+01
   3.4200000e+02   1.8750936e+02  -1.1273080e+02   1.0082000e+01
   3.4300000e+02   1.8805763e+02  -1.1273080e+02   1.0082000e+01
   3.4400000e+02   1.8860590e+02  -1.1273080e+02   1.0082000e+01
   3.4500000e+02   1.8915418e+02  -1.1273080e+02   1.0082000e+01
   3.4600000e+02   1.8970245e+02  -1.1273080e+02   1.0082000e+01
   3.4700000e+02   1.9025072e+02  -1.1273080e+02   1.0082000e+01
   3.4800000e+02   1.9079900e+02  -1.1273080e+02   1.0082000e+01
   3.4900000e+02   1.9134727e+02  -1.1273080e+02   1.0082000e+01
   3.5000000e+02   1.9189554e+02  -1.1273080e+02   1.0082000e+01
   3.5100000e+02   1.9244382e+02  -1.1273080e+02   1.0082000e+01
   3.5200000e+02   1.9299209e+02  -1.1273080e+02   1.0082000e+01
   3.5300000e+02   1.9354036e+02  -1.1273080e+02   1.0082000e+01
   3.5400000e+02   1.9408863e+02  -1.1273080e+02   1.0082000e+01
   3.5500000e+02   1.9463691e+02  -1.1273080e+02   1.0082000e+01
   3.5600000e+02   1.9518518e+02  -1.1273080e+02   1.0082000e+01
   3.5700000e+02   1.9573345e+02  -1.1273080e+02   1.0082000e+01
   3.5800000e+02   1.9628173e+02  -1.1273080e+02   9.0820000e+00
   3.5900000e+02   1.9683000e+02  -1.1273080e+02   9.0820000e+00
   3.6000000e+02   1.9737827e+02  -1.1273080e+02   9.0820000e+00
   3.6100000e+02   1.9792655e+02  -1.1273080e+02   9.0820000e+00
   3.6200000e+02   1.9847482e+02  -1.1273080e+02   9.0820000e+00
   3.6300000e+02   1.9902309e+02  -1.1273080e+02   1.0082000e+01
   3.6400000e+02   1.9957136e+02  -1.1273080e+02   1.0082000e+01
   3.6500000e+02   2.0011964e+02  -1.1273080e+02   1.0082000e+01
   3.6600000e+02   2.0066791e+02  -1.1273080e+02   1.0082000e+01
   3.6700000e+02   2.0121618e+02  -1.1273080e+02   1.0082000e+01
   3.6800000e+02   2.0176446e+02  -1.1273080e+02   1.0082000e+01
   3.6900000e+02   2.0231273e+02  -1.1273080e+02   1.0082000e+01
   3.7000000e+02   2.0286100e+02  -1.1273080e+02   1.0082000e+01
   3.7100000e+02   2.0340928e+02  -1.1273080e+02   1.0082000e+01
   3.7200000e+02   2.0395755e+02  -1.1273080e+02   1.0082000e+01
   3.7300000e+02   2.0450582e+02  -1.1273080e+02   1.0082000e+01
   3.7400000e+02   2.0505409e+02  -1.1273080e+02   1.0082000e+01
   3.7500000e+02   2.0560237e+02  -1.1273080e+02   1.0082000e+01
   3.7600000e+02   2.0615064e+02  -1.1273080e+02   1.0082000e+01
   3.7700000e+02   2.0669891e+02  -1.1273080e+02   1.0082000e+01
   3.7800000e+02   2.0724719e+02  -1.1273080e+02   1.0082000e+01
   3.7900000e+02   2.0779546e+02  -1.1273080e+02   1.0082000e+01
   3.8000000e+02   2.0834373e+02  -1.1273080e+02   1.0082000e+01
   3.8100000e+02   2.0889200e+02  -1.1273080e+02   1.0082000e+01
   3.8200000e+02   2.0944028e+02  -1.1273080e+02   1.0082000e+01
   3.8300000e+02   2.0998855e+02  -1.1273080e+02   1.0082000e+01
   3.8400000e+02   2.1053682e+02  -1.1273080e+02   1.0082000e+01
   3.8500000e+02   2.1108510e+02  -1.1273080e+02   1.0082000e+01
   3.8600000e+02   2.1163337e+02  -1.1273080e+02   1.0082000e+01
   3.8700000e+02   2.1218164e+02  -1.1273080e+02   1.0082000e+01
   3.8800000e+02   2.1272992e+02  -1.1273080e+02   1.1082000e+01
   3.8900000e+02   2.1327819e+02  -1.1273080e+02   1.1082000e+01
   3.9000000e+02   2.1382646e+02  -1.1273080e+02   1.0082000e+01
   3.9100000e+02   2.1437473e+02  -1.1273080e+02   1.0082000e+01
   3.9200000e+02   2.1492301e+02  -1.1273080e+02   9.0820000e+00
   3.9300000e+02   2.1547128e+02  -1.1273080e+02   9.0820000e+00
   3.9400000e+02   2.1601955e+02  -1.1273080e+02   9.0820000e+00
   3.9500000e+02   2.1656783e+02  -1.1273080e+02   9.0820000e+00
   3.9600000e+02   2.1711610e+02  -1.1273080e+02   9.0820000e+00
   3.9700000e+02   2.1766437e+02  -1.1273080e+02   9.0820000e+00
   3.9800000e+02   2.1821265e+02  -1.1273080e+02   1.0071000e+01
   3.9900000e+02   2.1876092e+02  -1.1273080e+02   1.0071000e+01
   4.0000000e+02   2.1930919e+02  -1.1273080e+02   1.0071000e+01
   4.0100000e+02   2.1985746e+02  -1.1273080e+02   1.0071000e+01
   4.0200000e+02   2.2040574e+02  -1.1273080e+02   1.0071000e+01
   4.0300000e+02   2.2095401e+02  -1.1273080e+02   1.0071000e+01
   4.0400000e+02   2.2150228e+02  -1.1273080e+02   1.0071000e+01
   4.0500000e+02   2.2205056e+02  -1.1273080e+02   1.0071000e+01
   4.0600000e+02   2.2259883e+02  -1.1273080e+02   1.0071000e+01
   4.0700000e+02   2.2314710e+02  -1.1273080e+02   1.0071000e+01
   4.0800000e+02   2.2369538e+02  -1.1273080e+02   1.0071000e+01
   4.0900000e+02   2.2424365e+02  -1.1273080e+02   1.0071000e+01
   4.1000000e+02   2.2479192e+02  -1.1273080e+02   1.0071000e+01
   4.1100000e+02   2.2534019e+02  -1.1273080e+02   1.0071000e+01
   4.1200000e+02   2.2588847e+02  -1.1273080e+02   1.0071000e+01
   4.1300000e+02   2.2643674e+02  -1.1273080e+02   1.0071000e+01
   4.1400000e+02   2.2698501e+02  -1.1273080e+02   1.0082000e+01
   4.1500000e+02   2.2753329e+02  -1.1273080e+02   1.0082000e+01
   4.1600000e+02   2.2808156e+02  -1.1273080e+02   9.0820000e+00
   4.1700000e+02   2.2862983e+02  -1.1273080e+02   9.0820000e+00
   4.1800000e+02   2.2917811e+02  -1.1273080e+02   9.0820000e+00
   4.1900000e+02   2.2972638e+02  -1.1273080e+02   8.0820000e+00
   4.2000000e+02   2.3027465e+02  -1.1273080e+02   8.0820000e+00
   4.2100000e+02   2.3082292e+02  -1.1273080e+02   8.0820000e+00
   4.2200000e+02   2.3137120e+02  -1.1273080e+02   9.0820000e+00
   4.2300000e+02   2.3191947e+02  -1.1273080e+02   9.0820000e+00
   4.2400000e+02   2.3246774e+02  -1.1273080e+02   9.0820000e+00
   4.2500000e+02   2.3301602e+02  -1.1273080e+02   1.0082000e+01
   4.2600000e+02   2.3356429e+02  -1.1273080e+02   1.0082000e+01
   4.2700000e+02   2.3411256e+02  -1.1273080e+02   1.0082000e+01
   4.2800000e+02   2.3466083e+02  -1.1273080e+02   1.0082000e+01
   4.2900000e+02   2.3520911e+02  -1.1273080e+02   1.0082000e+01
   4.3000000e+02   2.3575738e+02  -1.1273080e+02   1.0082000e+01
   4.3100000e+02   2.3630565e+02  -1.1273080e+02   1.0082000e+01
   4.3200000e+02   2.3685393e+02  -1.1273080e+02   1.0082000e+01
   4.3300000e+02   2.3740220e+02  -1.1273080e+02   1.0082000e+01
   4.3400000e+02   2.3795047e+02  -1.1273080e+02   1.0082000e+01
   4.3500000e+02   2.3849875e+02  -1.1273080e+02   1.0082000e+01
   4.3600000e+02   2.3904702e+02  -1.1273080e+02   1.0082000e+01
   4.3700000e+02   2.3959529e+02  -1.1273080e+02   1.0082000e+01
   4.3800000e+02   2.4014356e+02  -1.1273080e+02   1.0082000e+01
   4.3900000e+02   2.4069184e+02  -1.1273080e+02   1.0082000e+01
   4.4000000e+02   2.4124011e+02  -1.1273080e+02   1.1082000e+01
   4.4100000e+02   2.4178838e+02  -1.1273080e+02   1.1082000e+01
   4.4200000e+02   2.4233666e+02  -1.1273080e+02   1.1082000e+01
   4.4300000e+02   2.4288493e+02  -1.1273080e+02   1.1082000e+01
   4.4400000e+02   2.4343320e+02  -1.1273080e+02   1.1082000e+01
   4.4500000e+02   2.4398148e+02  -1.1273080e+02   1.1082000e+01
   4.4600000e+02   2.4452975e+02  -1.1273080e+02   1.2082000e+01
   4.4700000e+02   2.4507802e+02  -1.1273080e+02   1.2082000e+01
   4.4800000e+02   2.4562629e+02  -1.1273080e+02   1.2082000e+01
   4.4900000e+02   2.4617457e+02  -1.1273080e+02   1.2082000e+01
   4.5000000e+02   2.4672284e+02  -1.1273080e+02   1.1082000e+01
   4.5100000e+02   2.4727111e+02  -1.1273080e+02   1.1082000e+01
   4.5200000e+02   2.4781939e+02  -1.1273080e+02   1.1082000e+01
   4.5300000e+02   2.4836766e+02  -1.1273080e+02   1.1082000e+01
   4.5400000e+02   2.4891593e+02  -1.1273080e+02   1.1082000e+01
   4.5500000e+02   2.4946421e+02  -1.1273080e+02   1.1082000e+01
   4.5600000e+02   2.5001248e+02  -1.1273080e+02   1.1082000e+01
   4.5700000e+02   2.5056075e+02  -1.1273080e+02   1.1082000e+01
   4.5800000e+02   2.5110902e+02  -1.1273080e+02   1.1082000e+01
   4.5900000e+02   2.5165730e+02  -1.1273080e+02   1.1082000e+01
   4.6000000e+02   2.5220557e+02  -1.1273080e+02   1.1082000e+01
   4.6100000e+02   2.5275384e+02  -1.1273080e+02   1.1082000e+01
   4.6200000e+02   2.5330212e+02  -1.1273080e+02   1.2082000e+01
   4.6300000e+02   2.5385039e+02  -1.1273080e+02   1.2082000e+01
   4.6400000e+02   2.5439866e+02  -1.1273080e+02   1.2082000e+01
   4.6500000e+02   2.5494694e+02  -1.1273080e+02   1.2082000e+01
   4.6600000e+02   2.5549521e+02  -1.1273080e+02   1.2082000e+01
   4.6700000e+02   2.5604348e+02  -1.1273080e+02   1.2082000e+01
   4.6800000e+02   2.5659175e+02  -1.1273080e+02   1.2082000e+01
   4.6900000e+02   2.5714003e+02  -1.1273080e+02   1.2082000e+01
   4.7000000e+02   2.5768830e+02  -1.1273080e+02   1.2082000e+01
   4.7100000e+02   2.5823657e+02  -1.1273080e+02   1.2082000e+01
   4.7200000e+02   2.5878485e+02  -1.1273080e+02   1.2082000e+01
   4.7300000e+02   2.5933312e+02  -1.1273080e+02   1.2082000e+01
   4.7400000e+02   2.5988139e+02  -1.1273080e+02   1.2082000e+01
   4.7500000e+02   2.6042967e+02  -1.1273080e+02   1.2082000e+01
   4.7600000e+02   2.6097794e+02  -1.1273080e+02   1.3082000e+01
   4.7700000e+02   2.6152621e+02  -1.1273080e+02   1.3082000e+01
   4.7800000e+02   2.6207448e+02  -1.1273080e+02   1.1712000e+01
   4.7900000e+02   2.6262276e+02  -1.1273080e+02   1.1712000e+01
   4.8000000e+02   2.6317103e+02  -1.1273080e+02   1.1712000e+01
   4.8100000e+02   2.6371930e+02  -1.1273080e+02   1.1712000e+01
   4.8200000e+02   2.6426758e+02  -1.1273080e+02   1.1712000e+01
   4.8300000e+02   2.6481585e+02  -1.1273080e+02   1.1712000e+01
   4.8400000e+02   2.6536412e+02  -1.1273080e+02   1.1712000e+01
   4.8500000e+02   2.6591239e+02  -1.1273080e+02   1.1712000e+01
   4.8600000e+02   2.6646067e+02  -1.1273080e+02   1.0712000e+01
   4.8700000e+02   2.6700894e+02  -1.1273080e+02   1.0712000e+01
   4.8800000e+02   2.6755721e+02  -1.1273080e+02   1.0712000e+01
   4.8900000e+02   2.6810549e+02  -1.1273080e+02   9.7120000e+00
   4.9000000e+02   2.6865376e+02  -1.1273080e+02   9.7120000e+00
   4.9100000e+02   2.6920203e+02  -1.1273080e+02   8.7120000e+00
   4.9200000e+02   2.6975031e+02  -1.1273080e+02   8.7120000e+00
   4.9300000e+02   2.7029858e+02  -1.1273080e+02   8.7120000e+00
   4.9400000e+02   2.7084685e+02  -1.1273080e+02   7.7120000e+00
   4.9500000e+02   2.7139512e+02  -1.1273080e+02   6.7120000e+00
   4.9600000e+02   2.7194340e+02  -1.1273080e+02   6.7120000e+00
   4.9700000e+02   2.7249167e+02  -1.1273080e+02   5.7120000e+00
   4.9800000e+02   2.7303994e+02  -1.1273080e+02   5.7120000e+00
   4.9900000e+02   2.7358822e+02  -1.1273080e+02   4.7120000e+00
   5.0000000e+02   2.7413649e+02  -1.1273080e+02   4.7120000e+00
   5.0100000e+02   2.7468476e+02  -1.1273080e+02   4.7120000e+00
   5.0200000e+02   2.7523304e+02  -1.1273080e+02   4.7120000e+00
   5.0300000e+02   2.7578131e+02  -1.1273080e+02   4.7120000e+00
   5.0400000e+02   2.7632958e+02  -1.1273080e+02   4.7120000e+00
   5.0500000e+02   2.7687785e+02  -1.1273080e+02   4.7120000e+00
   5.0600000e+02   2.7742613e+02  -1.1273080e+02   5.7120000e+00
   5.0700000e+02   2.7797440e+02  -1.1273080e+02   5.7120000e+00
   5.0800000e+02   2.7852267e+02  -1.1273080e+02   5.7120000e+00
   5.0900000e+02   2.7907095e+02  -1.1273080e+02   5.7120000e+00
   5.1000000e+02   2.7961922e+02  -1.1273080e+02   5.0000000e+00
   5.1100000e+02   2.8016749e+02  -1.1273080e+02   5.0000000e+00
   5.1200000e+02   2.8071577e+02  -1.1273080e+02   5.0000000e+00
   5.1300000e+02   2.8126404e+02  -1.1273080e+02   5.0000000e+00
   5.1400000e+02   2.8181231e+02  -1.1273080e+02   5.0000000e+00
   5.1500000e+02   2.8236058e+02  -1.1273080e+02   5.0000000e+00
   5.1600000e+02   2.8290886e+02  -1.1273080e+02   5.0000000e+00
   5.1700000e+02   2.8345713e+02  -1.1273080e+02   6.0000000e+00
   5.1800000e+02   2.8400540e+02  -1.1273080e+02   5.2880000e+00
   5.1900000e+02   2.8455368e+02  -1.1273080e+02   6.2880000e+00
   5.2000000e+02   2.8510195e+02  -1.1273080e+02   6.2880000e+00
   5.2100000e+02   2.8565022e+02  -1.1273080e+02   7.2880000e+00
   5.2200000e+02   2.8619850e+02  -1.1273080e+02   8.2880000e+00
   5.2300000e+02   2.8674677e+02  -1.1273080e+02   9.2880000e+00
   5.2400000e+02   2.8729504e+02  -1.1273080e+02   1.0288000e+01
   5.2500000e+02   2.8784331e+02  -1.1273080e+02   1.0288000e+01
   5.2600000e+02   2.8839159e+02  -1.1273080e+02   1.0288000e+01
   5.2700000e+02   2.8893986e+02  -1.1273080e+02   1.1288000e+01
   5.2800000e+02   2.8948813e+02  -1.1273080e+02   1.2288000e+01
   5.2900000e+02   2.9003641e+02  -1.1273080e+02   1.2288000e+01
   5.3000000e+02   2.9058468e+02  -1.1273080e+02   1.2288000e+01
   5.3100000e+02   2.9113295e+02  -1.1273080e+02   1.2288000e+01
   5.3200000e+02   2.9168122e+02  -1.1273080e+02   1.3288000e+01
   5.3300000e+02   2.9222950e+02  -1.1273080e+02   1.3288000e+01
   5.3400000e+02   2.9277777e+02  -1.1273080e+02   1.3288000e+01
   5.3500000e+02   2.9332604e+02  -1.1273080e+02   1.3288000e+01
   5.3600000e+02   2.9387432e+02  -1.1273080e+02   1.3288000e+01
   5.3700000e+02   2.9442259e+02  -1.1273080e+02   1.3288000e+01
   5.3800000e+02   2.9497086e+02  -1.1273080e+02   1.3288000e+01
   5.3900000e+02   2.9551914e+02  -1.1273080e+02   1.3288000e+01
   5.4000000e+02   2.9606741e+02  -1.1273080e+02   1.3288000e+01
   5.4100000e+02   2.9661568e+02  -1.1273080e+02   1.3288000e+01
   5.4200000e+02   2.9716395e+02  -1.1273080e+02   1.3288000e+01
   5.4300000e+02   2.9771223e+02  -1.1273080e+02   1.3288000e+01
   5.4400000e+02   2.9826050e+02  -1.1273080e+02   1.3288000e+01
   5.4500000e+02   2.9880877e+02  -1.1273080e+02   1.3288000e+01
   5.4600000e+02   2.9935705e+02  -1.1273080e+02   1.3288000e+01
   5.4700000e+02   2.9990532e+02  -1.1273080e+02   1.4288000e+01
   5.4800000e+02   3.0045359e+02  -1.1273080e+02   1.4288000e+01
   5.4900000e+02   3.0100187e+02  -1.1273080e+02   1.4288000e+01
   5.5000000e+02   3.0155014e+02  -1.1273080e+02   1.4288000e+01
   5.5100000e+02   3.0209841e+02  -1.1273080e+02   1.4288000e+01
   5.5200000e+02   3.0264668e+02  -1.1273080e+02   1.4288000e+01
   5.5300000e+02   3.0319496e+02  -1.1273080e+02   1.4288000e+01
   5.5400000e+02   3.0374323e+02  -1.1273080e+02   1.4288000e+01
   5.5500000e+02   3.0429150e+02  -1.1273080e+02   1.4288000e+01
   5.5600000e+02   3.0483978e+02  -1.1273080e+02   1.4288000e+01
   5.5700000e+02   3.0538805e+02  -1.1273080e+02   1.4288000e+01
   5.5800000e+02   3.0593632e+02  -1.1273080e+02   1.3690000e+01
   5.5900000e+02   3.0648460e+02  -1.1273080e+02   1.3690000e+01
   5.6000000e+02   3.0703287e+02  -1.1273080e+02   1.3690000e+01
   5.6100000e+02   3.0758114e+02  -1.1273080e+02   1.3690000e+01
   5.6200000e+02   3.0812941e+02  -1.1273080e+02   1.3690000e+01
   5.6300000e+02   3.0867769e+02  -1.1273080e+02   1.3690000e+01
   5.6400000e+02   3.0922596e+02  -1.1273080e+02   1.3690000e+01
   5.6500000e+02   3.0977423e+02  -1.1273080e+02   1.3690000e+01
   5.6600000e+02   3.1032251e+02  -1.1273080e+02   1.3690000e+01
   5.6700000e+02   3.1087078e+02  -1.1273080e+02   1.3690000e+01
   5.6800000e+02   3.1141905e+02  -1.1273080e+02   1.3690000e+01
   5.6900000e+02   3.1196733e+02  -1.1273080e+02   1.3690000e+01
   5.7000000e+02   3.1251560e+02  -1.1273080e+02   1.3690000e+01
   5.7100000e+02   3.1306387e+02  -1.1273080e+02   1.3690000e+01
   5.7200000e+02   3.1361214e+02  -1.1273080e+02   1.3690000e+01
   5.7300000e+02   3.1416042e+02  -1.1273080e+02   1.3690000e+01
   5.7400000e+02   3.1470869e+02  -1.1273080e+02   1.3690000e+01
   5.7500000e+02   3.1525696e+02  -1.1273080e+02   1.3690000e+01
   5.7600000e+02   3.1580524e+02  -1.1273080e+02   1.3690000e+01
   5.7700000e+02   3.1635351e+02  -1.1273080e+02   1.3690000e+01
   5.7800000e+02   3.1690178e+02  -1.1273080e+02   1.3690000e+01
   5.7900000e+02   3.1745005e+02  -1.1273080e+02   1.3690000e+01
   5.8000000e+02   3.1799833e+02  -1.1273080e+02   1.3690000e+01
   5.8100000e+02   3.1854660e+02  -1.1273080e+02   1.3690000e+01
   5.8200000e+02   3.1909487e+02  -1.1273080e+02   1.3690000e+01
   5.8300000e+02   3.1964315e+02  -1.1273080e+02   1.3690000e+01
   5.8400000e+02   3.2019142e+02  -1.1273080e+02   1.3690000e+01
   5.8500000e+02   3.2073969e+02  -1.1273080e+02   1.3690000e+01
   5.8600000e+02   3.2128797e+02  -1.1273080e+02   1.3690000e+01
   5.8700000e+02   3.2183624e+02  -1.1273080e+02   1.3690000e+01
   5.8800000e+02   3.2238451e+02  -1.1273080e+02   1.3690000e+01
   5.8900000e+02   3.2293278e+02  -1.1273080e+02   1.3690000e+01
   5.9000000e+02   3.2348106e+02  -1.1273080e+02   1.3690000e+01
   5.9100000e+02   3.2402933e+02  -1.1273080e+02   1.3690000e+01
   5.9200000e+02   3.2457760e+02  -1.1273080e+02   1.3690000e+01
   5.9300000e+02   3.2512588e+02  -1.1273080e+02   1.3690000e+01
   5.9400000e+02   3.2567415e+02  -1.1273080e+02   1.3690000e+01
   5.9500000e+02   3.2622242e+02  -1.1273080e+02   1.3690000e+01
   5.9600000e+02   3.2677070e+02  -1.1273080e+02   1.3690000e+01
   5.9700000e+02   3.2731897e+02  -1.1273080e+02   1.3690000e+01
   5.9800000e+02   3.2786724e+02  -1.1273080e+02   1.4690000e+01
   5.9900000e+02   3.2841551e+02  -1.1273080e+02   1.3690000e+01
   6.0000000e+02   3.2896379e+02  -1.1273080e+02   1.3690000e+01
   6.0100000e+02   3.2951206e+02  -1.1273080e+02   1.3690000e+01
   6.0200000e+02   3.3006033e+02  -1.1273080e+02   1.3690000e+01
   6.0300000e+02   3.3060861e+02  -1.1273080e+02   1.2690000e+01
   6.0400000e+02   3.3115688e+02  -1.1273080e+02   1.2690000e+01
   6.0500000e+02   3.3170515e+02  -1.1273080e+02   1.2690000e+01
   6.0600000e+02   3.3225343e+02  -1.1273080e+02   1.2288000e+01
   6.0700000e+02   3.3280170e+02  -1.1273080e+02   1.1288000e+01
   6.0800000e+02   3.3334997e+02  -1.1273080e+02   1.0288000e+01
   6.0900000e+02   3.3389824e+02  -1.1273080e+02   9.2880000e+00
   6.1000000e+02   3.3444652e+02  -1.1273080e+02   8.2880000e+00
   6.1100000e+02   3.3499479e+02  -1.1273080e+02   7.2880000e+00
   6.1200000e+02   3.3554306e+02  -1.1273080e+02   5.2880000e+00
   6.1300000e+02   3.3609134e+02  -1.1273080e+02   4.2880000e+00
   6.1400000e+02   3.3663961e+02  -1.1273080e+02   4.2880000e+00
   6.1500000e+02   3.3718788e+02  -1.1273080e+02   5.2880000e+00
   6.1600000e+02   3.3773616e+02  -1.1273080e+02   5.2880000e+00
   6.1700000e+02   3.3828443e+02  -1.1273080e+02   4.2880000e+00
   6.1800000e+02   3.3883270e+02  -1.1273080e+02   4.2880000e+00
   6.1900000e+02   3.3938097e+02  -1.1273080e+02   5.2880000e+00
   6.2000000e+02   3.3992925e+02  -1.1273080e+02   7.2880000e+00
   6.2100000e+02   3.4047752e+02  -1.1273080e+02   8.2880000e+00
   6.2200000e+02   3.4102579e+02  -1.1273080e+02   1.0690000e+01
   6.2300000e+02   3.4157407e+02  -1.1273080e+02   1.0690000e+01
   6.2400000e+02   3.4212234e+02  -1.1273080e+02   1.1690000e+01
   6.2500000e+02   3.4267061e+02  -1.1273080e+02   1.2690000e+01
   6.2600000e+02   3.4321888e+02  -1.1273080e+02   1.2690000e+01
   6.2700000e+02   3.4376716e+02  -1.1273080e+02   1.3690000e+01
   6.2800000e+02   3.4431543e+02  -1.1273080e+02   1.3690000e+01
   6.2900000e+02   3.4486370e+02  -1.1273080e+02   1.3690000e+01
   6.3000000e+02   3.4541198e+02  -1.1273080e+02   1.3690000e+01
   6.3100000e+02   3.4596025e+02  -1.1273080e+02   1.3690000e+01
   6.3200000e+02   3.4650852e+02  -1.1273080e+02   1.3690000e+01
   6.3300000e+02   3.4705680e+02  -1.1273080e+02   1.3690000e+01
   6.3400000e+02   3.4760507e+02  -1.1273080e+02   1.3690000e+01
   6.3500000e+02   3.4815334e+02  -1.1273080e+02   1.3690000e+01
   6.3600000e+02   3.4870161e+02  -1.1273080e+02   1.3690000e+01
   6.3700000e+02   3.4924989e+02  -1.1273080e+02   1.4690000e+01
   6.3800000e+02   3.4979816e+02  -1.1273080e+02   1.5750000e+01
   6.3900000e+02   3.5034643e+02  -1.1273080e+02   1.5750000e+01
   6.4000000e+02   3.5089471e+02  -1.1273080e+02   1.5750000e+01
   6.4100000e+02   3.5144298e+02  -1.1273080e+02   1.4750000e+01
   6.4200000e+02   3.5199125e+02  -1.1273080e+02   1.4750000e+01
   6.4300000e+02   3.5253953e+02  -1.1273080e+02   1.4750000e+01
   6.4400000e+02   3.5308780e+02  -1.1273080e+02   1.4750000e+01
   6.4500000e+02   3.5363607e+02  -1.1273080e+02   1.3750000e+01
   6.4600000e+02   3.5418434e+02  -1.1273080e+02   1.4750000e+01
   6.4700000e+02   3.5473262e+02  -1.1273080e+02   1.4750000e+01
   6.4800000e+02   3.5528089e+02  -1.1273080e+02   1.4750000e+01
   6.4900000e+02   3.5582916e+02  -1.1273080e+02   1.4750000e+01
   6.5000000e+02   3.5637744e+02  -1.1273080e+02   1.3750000e+01
   6.5100000e+02   3.5692571e+02  -1.1273080e+02   1.3750000e+01
   6.5200000e+02   3.5747398e+02  -1.1273080e+02   1.3750000e+01
   6.5300000e+02   3.5802226e+02  -1.1273080e+02   1.3750000e+01
   6.5400000e+02   3.5857053e+02  -1.1273080e+02   1.3049000e+01
   6.5500000e+02   3.5911880e+02  -1.1273080e+02   1.3049000e+01
   6.5600000e+02   3.5966707e+02  -1.1273080e+02   1.3049000e+01
   6.5700000e+02   3.6021535e+02  -1.1273080e+02   1.2049000e+01
   6.5800000e+02   3.6076362e+02  -1.1273080e+02   1.2049000e+01
   6.5900000e+02   3.6131189e+02  -1.1273080e+02   1.2049000e+01
   6.6000000e+02   3.6186017e+02  -1.1273080e+02   1.2049000e+01
   6.6100000e+02   3.6240844e+02  -1.1273080e+02   1.1049000e+01
   6.6200000e+02   3.6295671e+02  -1.1273080e+02   1.2049000e+01
   6.6300000e+02   3.6350499e+02  -1.1273080e+02   1.2049000e+01
   6.6400000e+02   3.6405326e+02  -1.1273080e+02   1.2049000e+01
   6.6500000e+02   3.6460153e+02  -1.1273080e+02   1.3049000e+01
   6.6600000e+02   3.6514980e+02  -1.1273080e+02   1.3049000e+01
   6.6700000e+02   3.6569808e+02  -1.1273080e+02   1.3049000e+01
   6.6800000e+02   3.6624635e+02  -1.1273080e+02   1.4049000e+01
   6.6900000e+02   3.6679462e+02  -1.1273080e+02   1.4049000e+01
   6.7000000e+02   3.6734290e+02  -1.1273080e+02   1.5049000e+01
   6.7100000e+02   3.6789117e+02  -1.1273080e+02   1.5049000e+01
   6.7200000e+02   3.6843944e+02  -1.1273080e+02   1.5049000e+01
   6.7300000e+02   3.6898771e+02  -1.1273080e+02   1.4049000e+01
   6.7400000e+02   3.6953599e+02  -1.1273080e+02   1.4049000e+01
   6.7500000e+02   3.7008426e+02  -1.1273080e+02   1.4049000e+01
   6.7600000e+02   3.7063253e+02  -1.1273080e+02   1.5049000e+01
   6.7700000e+02   3.7118081e+02  -1.1273080e+02   1.5049000e+01
   6.7800000e+02   3.7172908e+02  -1.1273080e+02   1.4690000e+01
   6.7900000e+02   3.7227735e+02  -1.1273080e+02   1.4690000e+01
   6.8000000e+02   3.7282563e+02  -1.1273080e+02   1.5690000e+01
   6.8100000e+02   3.7337390e+02  -1.1273080e+02   1.4690000e+01
   6.8200000e+02   3.7392217e+02  -1.1273080e+02   1.3690000e+01
   6.8300000e+02   3.7447044e+02  -1.1273080e+02   1.3690000e+01
   6.8400000e+02   3.7501872e+02  -1.1273080e+02   1.3690000e+01
   6.8500000e+02   3.7556699e+02  -1.1273080e+02   1.3690000e+01
   6.8600000e+02   3.7611526e+02  -1.1273080e+02   1.4978000e+01
   6.8700000e+02   3.7666354e+02  -1.1273080e+02   1.4978000e+01
   6.8800000e+02   3.7721181e+02  -1.1273080e+02   1.4978000e+01
   6.8900000e+02   3.7776008e+02  -1.1273080e+02   1.4978000e+01
   6.9000000e+02   3.7830836e+02  -1.1273080e+02   1.4978000e+01
   6.9100000e+02   3.7885663e+02  -1.1273080e+02   1.4978000e+01
   6.9200000e+02   3.7940490e+02  -1.1273080e+02   1.5978000e+01
   6.9300000e+02   3.7995317e+02  -1.1273080e+02   1.5978000e+01
   6.9400000e+02   3.8050145e+02  -1.1273080e+02   1.5978000e+01
   6.9500000e+02   3.8104972e+02  -1.1273080e+02   1.5978000e+01
   6.9600000e+02   3.8159799e+02  -1.1273080e+02   1.5978000e+01
   6.9700000e+02   3.8214627e+02  -1.1273080e+02   1.5978000e+01
   6.9800000e+02   3.8269454e+02  -1.1273080e+02   1.5978000e+01
   6.9900000e+02   3.8324281e+02  -1.1273080e+02   1.5978000e+01
   7.0000000e+02   3.8379109e+02  -1.1273080e+02   1.5978000e+01
   7.0100000e+02   3.8433936e+02  -1.1273080e+02   1.5978000e+01
   7.0200000e+02   3.8488763e+02  -1.1273080e+02   1.6206000e+01
   7.0300000e+02   3.8543590e+02  -1.1273080e+02   1.6206000e+01
   7.0400000e+02   3.8598418e+02  -1.1273080e+02   1.5206000e+01
   7.0500000e+02   3.8653245e+02  -1.1273080e+02   1.5206000e+01
   7.0600000e+02   3.8708072e+02  -1.1273080e+02   1.5206000e+01
   7.0700000e+02   3.8762900e+02  -1.1273080e+02   1.5206000e+01
   7.0800000e+02   3.8817727e+02  -1.1273080e+02   1.5206000e+01
   7.0900000e+02   3.8872554e+02  -1.1273080e+02   1.5206000e+01
   7.1000000e+02   3.8927382e+02  -1.1273080e+02   1.5206000e+01
   7.1100000e+02   3.8982209e+02  -1.1273080e+02   1.5206000e+01
   7.1200000e+02   3.9037036e+02  -1.1273080e+02   1.6206000e+01
   7.1300000e+02   3.9091863e+02  -1.1273080e+02   1.6206000e+01
   7.1400000e+02   3.9146691e+02  -1.1273080e+02   1.6206000e+01
   7.1500000e+02   3.9201518e+02  -1.1273080e+02   1.6206000e+01
   7.1600000e+02   3.9256345e+02  -1.1273080e+02   1.7206000e+01
   7.1700000e+02   3.9311173e+02  -1.1273080e+02   1.7206000e+01
   7.1800000e+02   3.9366000e+02  -1.1273080e+02   1.7206000e+01
   7.1900000e+02   3.9420827e+02  -1.1273080e+02   1.6206000e+01
   7.2000000e+02   3.9475654e+02  -1.1273080e+02   1.5206000e+01
   7.2100000e+02   3.9530482e+02  -1.1273080e+02   1.5206000e+01
   7.2200000e+02   3.9585309e+02  -1.1273080e+02   1.5206000e+01
   7.2300000e+02   3.9640136e+02  -1.1273080e+02   1.6206000e+01
   7.2400000e+02   3.9694964e+02  -1.1273080e+02   1.6206000e+01
   7.2500000e+02   3.9749791e+02  -1.1273080e+02   1.6206000e+01
   7.2600000e+02   3.9804618e+02  -1.1273080e+02   1.4146000e+01
   7.2700000e+02   3.9859446e+02  -1.1273080e+02   1.3146000e+01
   7.2800000e+02   3.9914273e+02  -1.1273080e+02   1.2146000e+01
   7.2900000e+02   3.9969100e+02  -1.1273080e+02   1.0146000e+01
   7.3000000e+02   4.0023927e+02  -1.1273080e+02   8.1460000e+00
   7.3100000e+02   4.0078755e+02  -1.1273080e+02   7.1460000e+00
   7.3200000e+02   4.0133582e+02  -1.1273080e+02   6.1460000e+00
   7.3300000e+02   4.0188409e+02  -1.1273080e+02   6.1460000e+00
   7.3400000e+02   4.0243237e+02  -1.1273080e+02   5.1460000e+00
   7.3500000e+02   4.0298064e+02  -1.1273080e+02   6.1460000e+00
   7.3600000e+02   4.0352891e+02  -1.1273080e+02   6.1460000e+00
   7.3700000e+02   4.0407719e+02  -1.1273080e+02   6.1460000e+00
   7.3800000e+02   4.0462546e+02  -1.1273080e+02   5.6730000e+00
   7.3900000e+02   4.0517373e+02  -1.1273080e+02   6.6730000e+00
   7.4000000e+02   4.0572200e+02  -1.1273080e+02   8.6730000e+00
   7.4100000e+02   4.0627028e+02  -1.1273080e+02   1.0673000e+01
   7.4200000e+02   4.0681855e+02  -1.1273080e+02   1.1901000e+01
   7.4300000e+02   4.0736682e+02  -1.1273080e+02   1.3901000e+01
   7.4400000e+02   4.0791510e+02  -1.1273080e+02   1.4901000e+01
   7.4500000e+02   4.0846337e+02  -1.1273080e+02   1.5901000e+01
   7.4600000e+02   4.0901164e+02  -1.1273080e+02   1.6129000e+01
   7.4700000e+02   4.0955992e+02  -1.1273080e+02   1.7129000e+01
   7.4800000e+02   4.1010819e+02  -1.1273080e+02   1.7129000e+01
   7.4900000e+02   4.1065646e+02  -1.1273080e+02   1.8129000e+01
   7.5000000e+02   4.1120473e+02  -1.1273080e+02   1.7830000e+01
   7.5100000e+02   4.1175301e+02  -1.1273080e+02   1.7830000e+01
   7.5200000e+02   4.1230128e+02  -1.1273080e+02   1.7830000e+01
   7.5300000e+02   4.1284955e+02  -1.1273080e+02   1.7830000e+01
   7.5400000e+02   4.1339783e+02  -1.1273080e+02   1.7830000e+01
   7.5500000e+02   4.1394610e+02  -1.1273080e+02   1.7830000e+01
   7.5600000e+02   4.1449437e+02  -1.1273080e+02   1.8058000e+01
   7.5700000e+02   4.1504265e+02  -1.1273080e+02   1.8058000e+01
   7.5800000e+02   4.1559092e+02  -1.1273080e+02   1.8172000e+01
   7.5900000e+02   4.1613919e+02  -1.1273080e+02   1.8172000e+01
   7.6000000e+02   4.1668746e+02  -1.1273080e+02   1.6813000e+01
   7.6100000e+02   4.1723574e+02  -1.1273080e+02   1.7813000e+01
   7.6200000e+02   4.1778401e+02  -1.1273080e+02   1.8269000e+01
   7.6300000e+02   4.1833228e+02  -1.1273080e+02   1.8269000e+01
   7.6400000e+02   4.1888056e+02  -1.1273080e+02   1.8796000e+01
   7.6500000e+02   4.1942883e+02  -1.1273080e+02   1.9024000e+01
   7.6600000e+02   4.1997710e+02  -1.1273080e+02   1.9654000e+01
   7.6700000e+02   4.2052537e+02  -1.1273080e+02   1.9882000e+01
   7.6800000e+02   4.2107365e+02  -1.1273080e+02   2.0110000e+01
   7.6900000e+02   4.2162192e+02  -1.1273080e+02   2.0110000e+01
   7.7000000e+02   4.2217019e+02  -1.1273080e+02   1.9637000e+01
   7.7100000e+02   4.2271847e+02  -1.1273080e+02   1.9637000e+01
   7.7200000e+02   4.2326674e+02  -1.1273080e+02   2.0093000e+01
   7.7300000e+02   4.2381501e+02  -1.1273080e+02   2.0093000e+01
   7.7400000e+02   4.2436329e+02  -1.1273080e+02   2.0093000e+01
   7.7500000e+02   4.2491156e+02  -1.1273080e+02   2.0093000e+01
   7.7600000e+02   4.2545983e+02  -1.1273080e+02   1.9865000e+01
   7.7700000e+02   4.2600810e+02  -1.1273080e+02   1.9865000e+01
   7.7800000e+02   4.2655638e+02  -1.1273080e+02   1.9637000e+01
   7.7900000e+02   4.2710465e+02  -1.1273080e+02   1.9637000e+01
   7.8000000e+02   4.2765292e+02  -1.1273080e+02   2.0110000e+01
   7.8100000e+02   4.2820120e+02  -1.1273080e+02   2.0110000e+01
   7.8200000e+02   4.2874947e+02  -1.1273080e+02   1.9893000e+01
   7.8300000e+02   4.2929774e+02  -1.1273080e+02   1.9893000e+01
   7.8400000e+02   4.2984602e+02  -1.1273080e+02   1.9654000e+01
   7.8500000e+02   4.3039429e+02  -1.1273080e+02   1.8654000e+01
   7.8600000e+02   4.3094256e+02  -1.1273080e+02   1.9013000e+01
   7.8700000e+02   4.3149083e+02  -1.1273080e+02   1.9013000e+01
   7.8800000e+02   4.3203911e+02  -1.1273080e+02   1.8785000e+01
   7.8900000e+02   4.3258738e+02  -1.1273080e+02   1.8785000e+01
   7.9000000e+02   4.3313565e+02  -1.1273080e+02   1.8671000e+01
   7.9100000e+02   4.3368393e+02  -1.1273080e+02   1.8671000e+01
   7.9200000e+02   4.3423220e+02  -1.1273080e+02   1.8959000e+01
   7.9300000e+02   4.3478047e+02  -1.1273080e+02   1.8959000e+01
   7.9400000e+02   4.3532875e+02  -1.1273080e+02   1.8959000e+01
   7.9500000e+02   4.3587702e+02  -1.1273080e+02   1.8959000e+01
   7.9600000e+02   4.3642529e+02  -1.1273080e+02   1.8959000e+01
   7.9700000e+02   4.3697356e+02  -1.1273080e+02   1.8959000e+01
   7.9800000e+02   4.3752184e+02  -1.1273080e+02   1.8731000e+01
   7.9900000e+02   4.3807011e+02  -1.1273080e+02   1.8731000e+01
   8.0000000e+02   4.3861838e+02  -1.1273080e+02   1.7731000e+01
   8.0100000e+02   4.3916666e+02  -1.1273080e+02   1.7731000e+01
   8.0200000e+02   4.3971493e+02  -1.1273080e+02   1.7731000e+01
   8.0300000e+02   4.4026320e+02  -1.1273080e+02   1.7731000e+01
   8.0400000e+02   4.4081148e+02  -1.1273080e+02   1.8731000e+01
   8.0500000e+02   4.4135975e+02  -1.1273080e+02   1.8731000e+01
   8.0600000e+02   4.4190802e+02  -1.1273080e+02   1.7959000e+01
   8.0700000e+02   4.4245629e+02  -1.1273080e+02   1.7959000e+01
   8.0800000e+02   4.4300457e+02  -1.1273080e+02   1.9073000e+01
   8.0900000e+02   4.4355284e+02  -1.1273080e+02   1.9073000e+01
   8.1000000e+02   4.4410111e+02  -1.1273080e+02   1.8714000e+01
   8.1100000e+02   4.4464939e+02  -1.1273080e+02   1.8714000e+01
   8.1200000e+02   4.4519766e+02  -1.1273080e+02   1.9942000e+01
   8.1300000e+02   4.4574593e+02  -1.1273080e+02   2.0170000e+01
   8.1400000e+02   4.4629420e+02  -1.1273080e+02   2.1153000e+01
   8.1500000e+02   4.4684248e+02  -1.1273080e+02   2.1136000e+01
   8.1600000e+02   4.4739075e+02  -1.1273080e+02   2.1233000e+01
   8.1700000e+02   4.4793902e+02  -1.1273080e+02   2.1857000e+01
   8.1800000e+02   4.4848730e+02  -1.1273080e+02   2.2068000e+01
   8.1900000e+02   4.4903557e+02  -1.1273080e+02   2.2051000e+01
   8.2000000e+02   4.4958384e+02  -1.1273080e+02   2.3148000e+01
   8.2100000e+02   4.5013212e+02  -1.1273080e+02   2.2675000e+01
   8.2200000e+02   4.5068039e+02  -1.1273080e+02   2.3131000e+01
   8.2300000e+02   4.5122866e+02  -1.1273080e+02   2.3131000e+01
   8.2400000e+02   4.5177693e+02  -1.1273080e+02   2.1886000e+01
   8.2500000e+02   4.5232521e+02  -1.1273080e+02   2.2114000e+01
   8.2600000e+02   4.5287348e+02  -1.1273080e+02   2.1983000e+01
   8.2700000e+02   4.5342175e+02  -1.1273080e+02   2.1738000e+01
   8.2800000e+02   4.5397003e+02  -1.1273080e+02   2.1194000e+01
   8.2900000e+02   4.5451830e+02  -1.1273080e+02   2.0818000e+01
   8.3000000e+02   4.5506657e+02  -1.1273080e+02   1.9969000e+01
   8.3100000e+02   4.5561485e+02  -1.1273080e+02   2.0821000e+01
   8.3200000e+02   4.5616312e+02  -1.1273080e+02   2.1559000e+01
   8.3300000e+02   4.5671139e+02  -1.1273080e+02   2.4998000e+01
   8.3400000e+02   4.5725966e+02  -1.1273080e+02   3.1007000e+01
   8.3500000e+02   4.5780794e+02  -1.1273080e+02   3.7973000e+01
   8.3600000e+02   4.5835621e+02  -1.1273080e+02   4.1135000e+01
   8.3700000e+02   4.5890448e+02  -1.1273080e+02   4.0759000e+01
   8.3800000e+02   4.5945276e+02  -1.1273080e+02   4.3166000e+01
   8.3900000e+02   4.6000103e+02  -1.1273080e+02   4.5280000e+01
   8.4000000e+02   4.6054930e+02  -1.1273080e+02   4.5992000e+01
   8.4100000e+02   4.6109758e+02  -1.1273080e+02   4.5878000e+01
   8.4200000e+02   4.6164585e+02  -1.1273080e+02   4.5938000e+01
   8.4300000e+02   4.6219412e+02  -1.1273080e+02   4.4927000e+01
   8.4400000e+02   4.6274239e+02  -1.1273080e+02   4.2699000e+01
   8.4500000e+02   4.6329067e+02  -1.1273080e+02   3.9004000e+01
   8.4600000e+02   4.6383894e+02  -1.1273080e+02   3.5141000e+01
   8.4700000e+02   4.6438721e+02  -1.1273080e+02   2.8702000e+01
   8.4800000e+02   4.6493549e+02  -1.1273080e+02   2.3850000e+01
   8.4900000e+02   4.6548376e+02  -1.1273080e+02   2.1471000e+01
   8.5000000e+02   4.6603203e+02  -1.1273080e+02   2.0864000e+01
   8.5100000e+02   4.6658031e+02  -1.1273080e+02   2.0029000e+01
   8.5200000e+02   4.6712858e+02  -1.1273080e+02   2.0949000e+01
   8.5300000e+02   4.6767685e+02  -1.1273080e+02   2.1755000e+01
   8.5400000e+02   4.6822512e+02  -1.1273080e+02   2.2419000e+01
   8.5500000e+02   4.6877340e+02  -1.1273080e+02   2.1980000e+01
   8.5600000e+02   4.6932167e+02  -1.1273080e+02   2.1997000e+01
   8.5700000e+02   4.6986994e+02  -1.1273080e+02   2.2373000e+01
   8.5800000e+02   4.7041822e+02  -1.1273080e+02   2.1906000e+01
   8.5900000e+02   4.7096649e+02  -1.1273080e+02   2.1923000e+01
   8.6000000e+02   4.7151476e+02  -1.1273080e+02   2.2923000e+01
   8.6100000e+02   4.7206303e+02  -1.1273080e+02   2.3054000e+01
   8.6200000e+02   4.7261131e+02  -1.1273080e+02   2.1826000e+01
   8.6300000e+02   4.7315958e+02  -1.1273080e+02   1.9712000e+01
   8.6400000e+02   4.7370785e+02  -1.1273080e+02   1.8826000e+01
   8.6500000e+02   4.7425613e+02  -1.1273080e+02   1.7826000e+01
   8.6600000e+02   4.7480440e+02  -1.1273080e+02   1.6826000e+01
   8.6700000e+02   4.7535267e+02  -1.1273080e+02   1.5826000e+01
   8.6800000e+02   4.7590095e+02  -1.1273080e+02   1.4712000e+01
   8.6900000e+02   4.7644922e+02  -1.1273080e+02   1.4071000e+01
   8.7000000e+02   4.7699749e+02  -1.1273080e+02   1.2071000e+01
   8.7100000e+02   4.7754576e+02  -1.1273080e+02   1.0843000e+01
   8.7200000e+02   4.7809404e+02  -1.1273080e+02   1.0071000e+01
   8.7300000e+02   4.7864231e+02  -1.1273080e+02   9.3700000e+00
   8.7400000e+02   4.7919058e+02  -1.1273080e+02   9.1250000e+00
   8.7500000e+02   4.7973886e+02  -1.1273080e+02   9.3530000e+00
   8.7600000e+02   4.8028713e+02  -1.1273080e+02   9.6950000e+00
   8.7700000e+02   4.8083540e+02  -1.1273080e+02   1.0265000e+01
   8.7800000e+02   4.8138368e+02  -1.1273080e+02   1.0345000e+01
   8.7900000e+02   4.8193195e+02  -1.1273080e+02   1.3719000e+01
   8.8000000e+02   4.8248022e+02  -1.1273080e+02   1.6620000e+01
   8.8100000e+02   4.8302849e+02  -1.1273080e+02   1.9994000e+01
   8.8200000e+02   4.8357677e+02  -1.1273080e+02   2.2080000e+01
   8.8300000e+02   4.8412504e+02  -1.1273080e+02   3.5084000e+01
   8.8400000e+02   4.8467331e+02  -1.1273080e+02   5.3686000e+01
   8.8500000e+02   4.8522159e+02  -1.1273080e+02   5.2946000e+01
   8.8600000e+02   4.8576986e+02  -1.1273080e+02   4.8174000e+01
   8.8700000e+02   4.8631813e+02  -1.1273080e+02   4.8103000e+01
   8.8800000e+02   4.8686641e+02  -1.1273080e+02   4.5185000e+01
   8.8900000e+02   4.8741468e+02  -1.1273080e+02   4.2957000e+01
   8.9000000e+02   4.8796295e+02  -1.1273080e+02   4.1925000e+01
   8.9100000e+02   4.8851122e+02  -1.1273080e+02   4.1768000e+01
   8.9200000e+02   4.8905950e+02  -1.1273080e+02   3.7839000e+01
   8.9300000e+02   4.8960777e+02  -1.1273080e+02   3.4226000e+01
   8.9400000e+02   4.9015604e+02  -1.1273080e+02   2.9086000e+01
   8.9500000e+02   4.9070432e+02  -1.1273080e+02   2.5761000e+01
   8.9600000e+02   4.9125259e+02  -1.1273080e+02   2.3903000e+01
   8.9700000e+02   4.9180086e+02  -1.1273080e+02   2.4279000e+01
   8.9800000e+02   4.9234914e+02  -1.1273080e+02   2.4139000e+01
   8.9900000e+02   4.9289741e+02  -1.1273080e+02   2.2928000e+01
   9.0000000e+02   4.9344568e+02  -1.1273080e+02   2.2771000e+01
   9.0100000e+02   4.9399395e+02  -1.1273080e+02   2.3788000e+01
   9.0200000e+02   4.9454223e+02  -1.1273080e+02   2.2799000e+01
   9.0300000e+02   4.9509050e+02  -1.1273080e+02   2.2158000e+01
   9.0400000e+02   4.9563877e+02  -1.1273080e+02   2.1044000e+01
   9.0500000e+02   4.9618705e+02  -1.1273080e+02   2.1044000e+01
   9.0600000e+02   4.9673532e+02  -1.1273080e+02   2.1044000e+01
   9.0700000e+02   4.9728359e+02  -1.1273080e+02   2.1044000e+01
   9.0800000e+02   4.9783186e+02  -1.1273080e+02   2.0816000e+01
   9.0900000e+02   4.9838014e+02  -1.1273080e+02   2.0033000e+01
   9.1000000e+02   4.9892841e+02  -1.1273080e+02   1.8859000e+01
   9.1100000e+02   4.9947668e+02  -1.1273080e+02   2.1076000e+01
   9.1200000e+02   5.0002496e+02  -1.1273080e+02   2.3076000e+01
   9.1300000e+02   5.0057323e+02  -1.1273080e+02   2.5364000e+01
   9.1400000e+02   5.0112150e+02  -1.1273080e+02   2.7043000e+01
   9.1500000e+02   5.0166978e+02  -1.1273080e+02   2.9043000e+01
   9.1600000e+02   5.0221805e+02  -1.1273080e+02   2.8826000e+01
   9.1700000e+02   5.0276632e+02  -1.1273080e+02   2.9826000e+01
   9.1800000e+02   5.0331459e+02  -1.1273080e+02   2.9804000e+01
   9.1900000e+02   5.0386287e+02  -1.1273080e+02   3.0092000e+01
   9.2000000e+02   5.0441114e+02  -1.1273080e+02   3.3081000e+01
   9.2100000e+02   5.0495941e+02  -1.1273080e+02   3.3081000e+01
   9.2200000e+02   5.0550769e+02  -1.1273080e+02   2.7989000e+01
   9.2300000e+02   5.0605596e+02  -1.1273080e+02   3.7347000e+01
   9.2400000e+02   5.0660423e+02  -1.1273080e+02   7.6949000e+01
   9.2500000e+02   5.0715251e+02  -1.1273080e+02   1.1818200e+02
   9.2600000e+02   5.0770078e+02  -1.1273080e+02   1.2930600e+02
   9.2700000e+02   5.0824905e+02  -1.1273080e+02   1.2475700e+02
   9.2800000e+02   5.0879732e+02  -1.1273080e+02   1.1975700e+02
   9.2900000e+02   5.0934560e+02  -1.1273080e+02   1.1381700e+02
   9.3000000e+02   5.0989387e+02  -1.1273080e+02   1.1001300e+02
   9.3100000e+02   5.1044214e+02  -1.1273080e+02   1.0272500e+02
   9.3200000e+02   5.1099042e+02  -1.1273080e+02   9.4345000e+01
   9.3300000e+02   5.1153869e+02  -1.1273080e+02   8.7780000e+01
   9.3400000e+02   5.1208696e+02  -1.1273080e+02   7.3123000e+01
   9.3500000e+02   5.1263524e+02  -1.1273080e+02   5.6216000e+01
   9.3600000e+02   5.1318351e+02  -1.1273080e+02   4.5548000e+01
   9.3700000e+02   5.1373178e+02  -1.1273080e+02   4.2402000e+01
   9.3800000e+02   5.1428005e+02  -1.1273080e+02   4.3060000e+01
   9.3900000e+02   5.1482833e+02  -1.1273080e+02   3.9501000e+01
   9.4000000e+02   5.1537660e+02  -1.1273080e+02   3.8344000e+01
   9.4100000e+02   5.1592487e+02  -1.1273080e+02   5.0751000e+01
   9.4200000e+02   5.1647315e+02  -1.1273080e+02   8.1950000e+01
   9.4300000e+02   5.1702142e+02  -1.1273080e+02   1.5885100e+02
   9.4400000e+02   5.1756969e+02  -1.1273080e+02   1.9282800e+02
   9.4500000e+02   5.1811797e+02  -1.1273080e+02   1.9606100e+02
   9.4600000e+02   5.1866624e+02  -1.1273080e+02   1.8600600e+02
   9.4700000e+02   5.1921451e+02  -1.1273080e+02   1.8274500e+02
   9.4800000e+02   5.1976278e+02  -1.1273080e+02   1.8374500e+02
   9.4900000e+02   5.2031106e+02  -1.1273080e+02   1.8371300e+02
   9.5000000e+02   5.2085933e+02  -1.1273080e+02   1.8281700e+02
   9.5100000e+02   5.2140760e+02  -1.1273080e+02   1.8092100e+02
   9.5200000e+02   5.2195588e+02  -1.1273080e+02   1.6686200e+02
   9.5300000e+02   5.2250415e+02  -1.1273080e+02   1.3691700e+02
   9.5400000e+02   5.2305242e+02  -1.1273080e+02   1.0099400e+02
   9.5500000e+02   5.2360069e+02  -1.1273080e+02   7.2761000e+01
   9.5600000e+02   5.2414897e+02  -1.1273080e+02   5.8838000e+01
   9.5700000e+02   5.2469724e+02  -1.1273080e+02   5.2284000e+01
   9.5800000e+02   5.2524551e+02  -1.1273080e+02   5.2317000e+01
   9.5900000e+02   5.2579379e+02  -1.1273080e+02   4.6752000e+01
   9.6000000e+02   5.2634206e+02  -1.1273080e+02   3.9247000e+01
   9.6100000e+02   5.2689033e+02  -1.1273080e+02   3.2981000e+01
   9.6200000e+02   5.2743861e+02  -1.1273080e+02   2.8302000e+01
   9.6300000e+02   5.2798688e+02  -1.1273080e+02   2.5025000e+01
   9.6400000e+02   5.2853515e+02  -1.1273080e+02   2.3107000e+01
   9.6500000e+02   5.2908342e+02  -1.1273080e+02   2.0819000e+01
   9.6600000e+02   5.2963170e+02  -1.1273080e+02   1.9417000e+01
   9.6700000e+02   5.3017997e+02  -1.1273080e+02   1.8716000e+01
   9.6800000e+02   5.3072824e+02  -1.1273080e+02   1.7200000e+01
   9.6900000e+02   5.3127652e+02  -1.1273080e+02   1.7200000e+01
   9.7000000e+02   5.3182479e+02  -1.1273080e+02   1.8200000e+01
   9.7100000e+02   5.3237306e+02  -1.1273080e+02   1.8200000e+01
   9.7200000e+02   5.3292134e+02  -1.1273080e+02   1.8211000e+01
   9.7300000e+02   5.3346961e+02  -1.1273080e+02   1.8211000e+01
   9.7400000e+02   5.3401788e+02  -1.1273080e+02   1.9211000e+01
   9.7500000e+02   5.3456615e+02  -1.1273080e+02   1.9211000e+01
   9.7600000e+02   5.3511443e+02  -1.1273080e+02   1.9983000e+01
   9.7700000e+02   5.3566270e+02  -1.1273080e+02   2.0983000e+01
   9.7800000e+02   5.3621097e+02  -1.1273080e+02   2.0983000e+01
   9.7900000e+02   5.3675925e+02  -1.1273080e+02   2.0983000e+01
   9.8000000e+02   5.3730752e+02  -1.1273080e+02   2.0695000e+01
   9.8100000e+02   5.3785579e+02  -1.1273080e+02   2.0695000e+01
   9.8200000e+02   5.3840407e+02  -1.1273080e+02   2.0695000e+01
   9.8300000e+02   5.3895234e+02  -1.1273080e+02   2.0695000e+01
   9.8400000e+02   5.3950061e+02  -1.1273080e+02   1.9766000e+01
   9.8500000e+02   5.4004888e+02  -1.1273080e+02   1.9766000e+01
   9.8600000e+02   5.4059716e+02  -1.1273080e+02   1.9766000e+01
   9.8700000e+02   5.4114543e+02  -1.1273080e+02   1.9766000e+01
   9.8800000e+02   5.4169370e+02  -1.1273080e+02   1.9777000e+01
   9.8900000e+02   5.4224198e+02  -1.1273080e+02   1.9777000e+01
   9.9000000e+02   5.4279025e+02  -1.1273080e+02   1.9962000e+01
   9.9100000e+02   5.4333852e+02  -1.1273080e+02   2.0962000e+01
   9.9200000e+02   5.4388680e+02  -1.1273080e+02   2.0962000e+01
   9.9300000e+02   5.4443507e+02  -1.1273080e+02   2.0962000e+01
   9.9400000e+02   5.4498334e+02  -1.1273080e+02   1.9962000e+01
   9.9500000e+02   5.4553161e+02  -1.1273080e+02   1.9962000e+01
   9.9600000e+02   5.4607989e+02  -1.1273080e+02   1.9962000e+01
   9.9700000e+02   5.4662816e+02  -1.1273080e+02   2.0962000e+01
   9.9800000e+02   5.4717643e+02  -1.1273080e+02   2.0734000e+01
   9.9900000e+02   5.4772471e+02  -1.1273080e+02   2.0734000e+01
   1.0000000e+03   5.4827298e+02  -1.1273080e+02   2.0734000e+01
   1.0010000e+03   5.4882125e+02  -1.1273080e+02   2.0734000e+01
   1.0020000e+03   5.4936952e+02  -1.1273080e+02   2.0734000e+01
   1.0030000e+03   5.4991780e+02  -1.1273080e+02   2.0734000e+01
   1.0040000e+03   5.5046607e+02  -1.1273080e+02   2.1734000e+01
   1.0050000e+03   5.5101434e+02  -1.1273080e+02   2.2734000e+01
   1.0060000e+03   5.5156262e+02  -1.1273080e+02   2.3734000e+01
   1.0070000e+03   5.5211089e+02  -1.1273080e+02   2.3734000e+01
   1.0080000e+03   5.5265916e+02  -1.1273080e+02   2.4332000e+01
   1.0090000e+03   5.5320744e+02  -1.1273080e+02   2.4332000e+01
   1.0100000e+03   5.5375571e+02  -1.1273080e+02   2.4332000e+01
   1.0110000e+03   5.5430398e+02  -1.1273080e+02   2.4332000e+01
   1.0120000e+03   5.5485225e+02  -1.1273080e+02   2.4332000e+01
   1.0130000e+03   5.5540053e+02  -1.1273080e+02   2.4332000e+01
   1.0140000e+03   5.5594880e+02  -1.1273080e+02   2.3816000e+01
   1.0150000e+03   5.5649707e+02  -1.1273080e+02   2.3816000e+01
   1.0160000e+03   5.5704535e+02  -1.1273080e+02   2.3816000e+01
   1.0170000e+03   5.5759362e+02  -1.1273080e+02   2.3816000e+01
   1.0180000e+03   5.5814189e+02  -1.1273080e+02   2.4115000e+01
   1.0190000e+03   5.5869017e+02  -1.1273080e+02   2.4115000e+01
   1.0200000e+03   5.5923844e+02  -1.1273080e+02   2.4115000e+01
   1.0210000e+03   5.5978671e+02  -1.1273080e+02   2.4115000e+01
   1.0220000e+03   5.6033498e+02  -1.1273080e+02   2.3887000e+01
   1.0230000e+03   5.6088326e+02  -1.1273080e+02   2.3887000e+01
   1.0240000e+03   5.6143153e+02  -1.1273080e+02   2.3898000e+01
   1.0250000e+03   5.6197980e+02  -1.1273080e+02   2.3898000e+01
   1.0260000e+03   5.6252808e+02  -1.1273080e+02   2.4083000e+01
   1.0270000e+03   5.6307635e+02  -1.1273080e+02   2.4083000e+01
   1.0280000e+03   5.6362462e+02  -1.1273080e+02   2.4094000e+01
   1.0290000e+03   5.6417290e+02  -1.1273080e+02   2.4094000e+01
   1.0300000e+03   5.6472117e+02  -1.1273080e+02   2.5165000e+01
   1.0310000e+03   5.6526944e+02  -1.1273080e+02   2.5165000e+01
   1.0320000e+03   5.6581771e+02  -1.1273080e+02   2.4877000e+01
   1.0330000e+03   5.6636599e+02  -1.1273080e+02   2.4877000e+01
   1.0340000e+03   5.6691426e+02  -1.1273080e+02   2.6247000e+01
   1.0350000e+03   5.6746253e+02  -1.1273080e+02   2.6247000e+01
   1.0360000e+03   5.6801081e+02  -1.1273080e+02   2.6247000e+01
   1.0370000e+03   5.6855908e+02  -1.1273080e+02   2.7247000e+01
   1.0380000e+03   5.6910735e+02  -1.1273080e+02   2.6959000e+01
   1.0390000e+03   5.6965563e+02  -1.1273080e+02   2.6959000e+01
   1.0400000e+03   5.7020390e+02  -1.1273080e+02   2.6970000e+01
   1.0410000e+03   5.7075217e+02  -1.1273080e+02   2.7970000e+01
   1.0420000e+03   5.7130044e+02  -1.1273080e+02   2.8041000e+01
   1.0430000e+03   5.7184872e+02  -1.1273080e+02   2.8041000e+01
   1.0440000e+03   5.7239699e+02  -1.1273080e+02   2.8226000e+01
   1.0450000e+03   5.7294526e+02  -1.1273080e+02   2.9226000e+01
   1.0460000e+03   5.7349354e+02  -1.1273080e+02   2.8721000e+01
   1.0470000e+03   5.7404181e+02  -1.1273080e+02   2.8721000e+01
   1.0480000e+03   5.7459008e+02  -1.1273080e+02   3.0319000e+01
   1.0490000e+03   5.7513835e+02  -1.1273080e+02   3.0319000e+01
   1.0500000e+03   5.7568663e+02  -1.1273080e+02   3.1102000e+01
   1.0510000e+03   5.7623490e+02  -1.1273080e+02   3.1102000e+01
   1.0520000e+03   5.7678317e+02  -1.1273080e+02   3.2102000e+01
   1.0530000e+03   5.7733145e+02  -1.1273080e+02   3.2113000e+01
   1.0540000e+03   5.7787972e+02  -1.1273080e+02   3.3184000e+01
   1.0550000e+03   5.7842799e+02  -1.1273080e+02   3.3195000e+01
   1.0560000e+03   5.7897627e+02  -1.1273080e+02   3.2907000e+01
   1.0570000e+03   5.7952454e+02  -1.1273080e+02   3.3907000e+01
   1.0580000e+03   5.8007281e+02  -1.1273080e+02   3.4989000e+01
   1.0590000e+03   5.8062108e+02  -1.1273080e+02   3.4989000e+01
   1.0600000e+03   5.8116936e+02  -1.1273080e+02   3.5701000e+01
   1.0610000e+03   5.8171763e+02  -1.1273080e+02   3.5701000e+01
   1.0620000e+03   5.8226590e+02  -1.1273080e+02   3.7299000e+01
   1.0630000e+03   5.8281418e+02  -1.1273080e+02   3.7299000e+01
   1.0640000e+03   5.8336245e+02  -1.1273080e+02   3.7011000e+01
   1.0650000e+03   5.8391072e+02  -1.1273080e+02   3.8011000e+01
   1.0660000e+03   5.8445900e+02  -1.1273080e+02   3.7897000e+01
   1.0670000e+03   5.8500727e+02  -1.1273080e+02   3.8897000e+01
   1.0680000e+03   5.8555554e+02  -1.1273080e+02   3.8897000e+01
   1.0690000e+03   5.8610381e+02  -1.1273080e+02   3.8897000e+01
   1.0700000e+03   5.8665209e+02  -1.1273080e+02   3.8897000e+01
   1.0710000e+03   5.8720036e+02  -1.1273080e+02   3.8897000e+01
   1.0720000e+03   5.8774863e+02  -1.1273080e+02   3.8897000e+01
   1.0730000e+03   5.8829691e+02  -1.1273080e+02   3.7897000e+01
   1.0740000e+03   5.8884518e+02  -1.1273080e+02   3.6897000e+01
   1.0750000e+03   5.8939345e+02  -1.1273080e+02   3.5897000e+01
   1.0760000e+03   5.8994173e+02  -1.1273080e+02   3.5185000e+01
   1.0770000e+03   5.9049000e+02  -1.1273080e+02   3.4185000e+01
   1.0780000e+03   5.9103827e+02  -1.1273080e+02   3.2299000e+01
   1.0790000e+03   5.9158654e+02  -1.1273080e+02   3.1299000e+01
   1.0800000e+03   5.9213482e+02  -1.1273080e+02   2.9701000e+01
   1.0810000e+03   5.9268309e+02  -1.1273080e+02   2.8701000e+01
   1.0820000e+03   5.9323136e+02  -1.1273080e+02   2.8701000e+01
   1.0830000e+03   5.9377964e+02  -1.1273080e+02   2.8701000e+01
   1.0840000e+03   5.9432791e+02  -1.1273080e+02   2.7701000e+01
   1.0850000e+03   5.9487618e+02  -1.1273080e+02   2.7701000e+01
   1.0860000e+03   5.9542446e+02  -1.1273080e+02   2.7288000e+01
   1.0870000e+03   5.9597273e+02  -1.1273080e+02   2.7288000e+01
   1.0880000e+03   5.9652100e+02  -1.1273080e+02   2.7701000e+01
   1.0890000e+03   5.9706927e+02  -1.1273080e+02   2.7701000e+01
   1.0900000e+03   5.9761755e+02  -1.1273080e+02   2.6701000e+01
   1.0910000e+03   5.9816582e+02  -1.1273080e+02   2.7701000e+01
   1.0920000e+03   5.9871409e+02  -1.1273080e+02   2.9299000e+01
   1.0930000e+03   5.9926237e+02  -1.1273080e+02   3.1299000e+01
   1.0940000e+03   5.9981064e+02  -1.1273080e+02   3.1196000e+01
   1.0950000e+03   6.0035891e+02  -1.1273080e+02   3.1207000e+01
   1.0960000e+03   6.0090718e+02  -1.1273080e+02   3.1691000e+01
   1.0970000e+03   6.0145546e+02  -1.1273080e+02   3.3001000e+01
   1.0980000e+03   6.0200373e+02  -1.1273080e+02   3.4072000e+01
   1.0990000e+03   6.0255200e+02  -1.1273080e+02   3.6083000e+01
   1.1000000e+03   6.0310028e+02  -1.1273080e+02   3.6806000e+01
   1.1010000e+03   6.0364855e+02  -1.1273080e+02   3.6806000e+01
   1.1020000e+03   6.0419682e+02  -1.1273080e+02   3.6877000e+01
   1.1030000e+03   6.0474510e+02  -1.1273080e+02   3.7589000e+01
   1.1040000e+03   6.0529337e+02  -1.1273080e+02   3.9850000e+01
   1.1050000e+03   6.0584164e+02  -1.1273080e+02   4.1818000e+01
   1.1060000e+03   6.0638991e+02  -1.1273080e+02   4.4031000e+01
   1.1070000e+03   6.0693819e+02  -1.1273080e+02   4.5102000e+01
   1.1080000e+03   6.0748646e+02  -1.1273080e+02   4.7042000e+01
   1.1090000e+03   6.0803473e+02  -1.1273080e+02   4.8825000e+01
   1.1100000e+03   6.0858301e+02  -1.1273080e+02   5.6636000e+01
   1.1110000e+03   6.0913128e+02  -1.1273080e+02   6.5034000e+01
   1.1120000e+03   6.0967955e+02  -1.1273080e+02   7.0774000e+01
   1.1130000e+03   6.1022783e+02  -1.1273080e+02   7.1079000e+01
   1.1140000e+03   6.1077610e+02  -1.1273080e+02   6.8829000e+01
   1.1150000e+03   6.1132437e+02  -1.1273080e+02   8.2662000e+01
   1.1160000e+03   6.1187264e+02  -1.1273080e+02   1.6507300e+02
   1.1170000e+03   6.1242092e+02  -1.1273080e+02   2.2091100e+02
   1.1180000e+03   6.1296919e+02  -1.1273080e+02   2.3441200e+02
   1.1190000e+03   6.1351746e+02  -1.1273080e+02   2.3516400e+02
   1.1200000e+03   6.1406574e+02  -1.1273080e+02   2.3331200e+02
   1.1210000e+03   6.1461401e+02  -1.1273080e+02   2.3217200e+02
   1.1220000e+03   6.1516228e+02  -1.1273080e+02   2.3161300e+02
   1.1230000e+03   6.1571056e+02  -1.1273080e+02   2.3231400e+02
   1.1240000e+03   6.1625883e+02  -1.1273080e+02   2.3229700e+02
   1.1250000e+03   6.1680710e+02  -1.1273080e+02   2.3273600e+02
   1.1260000e+03   6.1735537e+02  -1.1273080e+02   2.3527800e+02
   1.1270000e+03   6.1790365e+02  -1.1273080e+02   2.3348300e+02
   1.1280000e+03   6.1845192e+02  -1.1273080e+02   2.1303200e+02
   1.1290000e+03   6.1900019e+02  -1.1273080e+02   1.3141700e+02
   1.1300000e+03   6.1954847e+02  -1.1273080e+02   1.0338300e+02
   1.1310000e+03   6.2009674e+02  -1.1273080e+02   9.2849000e+01
   1.1320000e+03   6.2064501e+02  -1.1273080e+02   8.3766000e+01
   1.1330000e+03   6.2119329e+02  -1.1273080e+02   6.4465000e+01
   1.1340000e+03   6.2174156e+02  -1.1273080e+02   5.3811000e+01
   1.1350000e+03   6.2228983e+02  -1.1273080e+02   5.1131000e+01
   1.1360000e+03   6.2283810e+02  -1.1273080e+02   5.4191000e+01
   1.1370000e+03   6.2338638e+02  -1.1273080e+02   5.4636000e+01
   1.1380000e+03   6.2393465e+02  -1.1273080e+02   5.0141000e+01
   1.1390000e+03   6.2448292e+02  -1.1273080e+02   4.8059000e+01
   1.1400000e+03   6.2503120e+02  -1.1273080e+02   4.9102000e+01
   1.1410000e+03   6.2557947e+02  -1.1273080e+02   4.8803000e+01
   1.1420000e+03   6.2612774e+02  -1.1273080e+02   4.8792000e+01
   1.1430000e+03   6.2667601e+02  -1.1273080e+02   4.6792000e+01
   1.1440000e+03   6.2722429e+02  -1.1273080e+02   4.5721000e+01
   1.1450000e+03   6.2777256e+02  -1.1273080e+02   4.5710000e+01
   1.1460000e+03   6.2832083e+02  -1.1273080e+02   4.4166000e+01
   1.1470000e+03   6.2886911e+02  -1.1273080e+02   4.2155000e+01
   1.1480000e+03   6.2941738e+02  -1.1273080e+02   4.0899000e+01
   1.1490000e+03   6.2996565e+02  -1.1273080e+02   4.2073000e+01
   1.1500000e+03   6.3051393e+02  -1.1273080e+02   4.2073000e+01
   1.1510000e+03   6.3106220e+02  -1.1273080e+02   3.9845000e+01
   1.1520000e+03   6.3161047e+02  -1.1273080e+02   3.8062000e+01
   1.1530000e+03   6.3215874e+02  -1.1273080e+02   3.6763000e+01
   1.1540000e+03   6.3270702e+02  -1.1273080e+02   3.7105000e+01
   1.1550000e+03   6.3325529e+02  -1.1273080e+02   3.6806000e+01
   1.1560000e+03   6.3380356e+02  -1.1273080e+02   3.6023000e+01
   1.1570000e+03   6.3435184e+02  -1.1273080e+02   3.5023000e+01
   1.1580000e+03   6.3490011e+02  -1.1273080e+02   3.3952000e+01
   1.1590000e+03   6.3544838e+02  -1.1273080e+02   3.2952000e+01
   1.1600000e+03   6.3599666e+02  -1.1273080e+02   3.1941000e+01
   1.1610000e+03   6.3654493e+02  -1.1273080e+02   3.1941000e+01
   1.1620000e+03   6.3709320e+02  -1.1273080e+02   3.1941000e+01
   1.1630000e+03   6.3764147e+02  -1.1273080e+02   3.0941000e+01
   1.1640000e+03   6.3818975e+02  -1.1273080e+02   2.9941000e+01
   1.1650000e+03   6.3873802e+02  -1.1273080e+02   2.8941000e+01
   1.1660000e+03   6.3928629e+02  -1.1273080e+02   2.8941000e+01
   1.1670000e+03   6.3983457e+02  -1.1273080e+02   2.8941000e+01
   1.1680000e+03   6.4038284e+02  -1.1273080e+02   2.7941000e+01
   1.1690000e+03   6.4093111e+02  -1.1273080e+02   2.7941000e+01
   1.1700000e+03   6.4147939e+02  -1.1273080e+02   2.7941000e+01
   1.1710000e+03   6.4202766e+02  -1.1273080e+02   2.9941000e+01
   1.1720000e+03   6.4257593e+02  -1.1273080e+02   3.0952000e+01
   1.1730000e+03   6.4312420e+02  -1.1273080e+02   3.1952000e+01
   1.1740000e+03   6.4367248e+02  -1.1273080e+02   3.4023000e+01
   1.1750000e+03   6.4422075e+02  -1.1273080e+02   3.4023000e+01
   1.1760000e+03   6.4476902e+02  -1.1273080e+02   3.5023000e+01
   1.1770000e+03   6.4531730e+02  -1.1273080e+02   3.6023000e+01
   1.1780000e+03   6.4586557e+02  -1.1273080e+02   3.7023000e+01
   1.1790000e+03   6.4641384e+02  -1.1273080e+02   3.7023000e+01
   1.1800000e+03   6.4696212e+02  -1.1273080e+02   3.8034000e+01
   1.1810000e+03   6.4751039e+02  -1.1273080e+02   3.8034000e+01
   1.1820000e+03   6.4805866e+02  -1.1273080e+02   3.8746000e+01
   1.1830000e+03   6.4860693e+02  -1.1273080e+02   3.8746000e+01
   1.1840000e+03   6.4915521e+02  -1.1273080e+02   3.9034000e+01
   1.1850000e+03   6.4970348e+02  -1.1273080e+02   3.8034000e+01
   1.1860000e+03   6.5025175e+02  -1.1273080e+02   3.8034000e+01
   1.1870000e+03   6.5080003e+02  -1.1273080e+02   3.8034000e+01
   1.1880000e+03   6.5134830e+02  -1.1273080e+02   3.8034000e+01
   1.1890000e+03   6.5189657e+02  -1.1273080e+02   3.8034000e+01
   1.1900000e+03   6.5244485e+02  -1.1273080e+02   3.9034000e+01
   1.1910000e+03   6.5299312e+02  -1.1273080e+02   3.9034000e+01
   1.1920000e+03   6.5354139e+02  -1.1273080e+02   3.9023000e+01
   1.1930000e+03   6.5408966e+02  -1.1273080e+02   3.8023000e+01
   1.1940000e+03   6.5463794e+02  -1.1273080e+02   3.8023000e+01
   1.1950000e+03   6.5518621e+02  -1.1273080e+02   3.8023000e+01
   1.1960000e+03   6.5573448e+02  -1.1273080e+02   3.8023000e+01
   1.1970000e+03   6.5628276e+02  -1.1273080e+02   3.8023000e+01
   1.1980000e+03   6.5683103e+02  -1.1273080e+02   3.6952000e+01
   1.1990000e+03   6.5737930e+02  -1.1273080e+02   3.5952000e+01
   1.2000000e+03   6.5792757e+02  -1.1273080e+02   3.5952000e+01
   1.2010000e+03   6.5847585e+02  -1.1273080e+02   3.4952000e+01
   1.2020000e+03   6.5902412e+02  -1.1273080e+02   3.3952000e+01
   1.2030000e+03   6.5957239e+02  -1.1273080e+02   3.2952000e+01
   1.2040000e+03   6.6012067e+02  -1.1273080e+02   3.3055000e+01
   1.2050000e+03   6.6066894e+02  -1.1273080e+02   3.3055000e+01
   1.2060000e+03   6.6121721e+02  -1.1273080e+02   3.0055000e+01
   1.2070000e+03   6.6176549e+02  -1.1273080e+02   3.0055000e+01
   1.2080000e+03   6.6231376e+02  -1.1273080e+02   2.9984000e+01
   1.2090000e+03   6.6286203e+02  -1.1273080e+02   2.9984000e+01
   1.2100000e+03   6.6341030e+02  -1.1273080e+02   2.9984000e+01
   1.2110000e+03   6.6395858e+02  -1.1273080e+02   2.9984000e+01
   1.2120000e+03   6.6450685e+02  -1.1273080e+02   3.0272000e+01
   1.2130000e+03   6.6505512e+02  -1.1273080e+02   2.9674000e+01
   1.2140000e+03   6.6560340e+02  -1.1273080e+02   2.9902000e+01
   1.2150000e+03   6.6615167e+02  -1.1273080e+02   3.0190000e+01
   1.2160000e+03   6.6669994e+02  -1.1273080e+02   2.9190000e+01
   1.2170000e+03   6.6724822e+02  -1.1273080e+02   2.9190000e+01
   1.2180000e+03   6.6779649e+02  -1.1273080e+02   2.7592000e+01
   1.2190000e+03   6.6834476e+02  -1.1273080e+02   2.7592000e+01
   1.2200000e+03   6.6889303e+02  -1.1273080e+02   2.8108000e+01
   1.2210000e+03   6.6944131e+02  -1.1273080e+02   2.7108000e+01
   1.2220000e+03   6.6998958e+02  -1.1273080e+02   2.6396000e+01
   1.2230000e+03   6.7053785e+02  -1.1273080e+02   2.6396000e+01
   1.2240000e+03   6.7108613e+02  -1.1273080e+02   2.5026000e+01
   1.2250000e+03   6.7163440e+02  -1.1273080e+02   2.5026000e+01
   1.2260000e+03   6.7218267e+02  -1.1273080e+02   2.4314000e+01
   1.2270000e+03   6.7273095e+02  -1.1273080e+02   2.4314000e+01
   1.2280000e+03   6.7327922e+02  -1.1273080e+02   2.4314000e+01
   1.2290000e+03   6.7382749e+02  -1.1273080e+02   2.4314000e+01
   1.2300000e+03   6.7437576e+02  -1.1273080e+02   2.2830000e+01
   1.2310000e+03   6.7492404e+02  -1.1273080e+02   2.2830000e+01
   1.2320000e+03   6.7547231e+02  -1.1273080e+02   2.3118000e+01
   1.2330000e+03   6.7602058e+02  -1.1273080e+02   2.3118000e+01
   1.2340000e+03   6.7656886e+02  -1.1273080e+02   2.1759000e+01
   1.2350000e+03   6.7711713e+02  -1.1273080e+02   2.0759000e+01
   1.2360000e+03   6.7766540e+02  -1.1273080e+02   2.1047000e+01
   1.2370000e+03   6.7821368e+02  -1.1273080e+02   2.0047000e+01
   1.2380000e+03   6.7876195e+02  -1.1273080e+02   1.9677000e+01
   1.2390000e+03   6.7931022e+02  -1.1273080e+02   1.9677000e+01
   1.2400000e+03   6.7985849e+02  -1.1273080e+02   1.8965000e+01
   1.2410000e+03   6.8040677e+02  -1.1273080e+02   1.8965000e+01
   1.2420000e+03   6.8095504e+02  -1.1273080e+02   1.8193000e+01
   1.2430000e+03   6.8150331e+02  -1.1273080e+02   1.8193000e+01
   1.2440000e+03   6.8205159e+02  -1.1273080e+02   1.7182000e+01
   1.2450000e+03   6.8259986e+02  -1.1273080e+02   1.7182000e+01
   1.2460000e+03   6.8314813e+02  -1.1273080e+02   1.6182000e+01
   1.2470000e+03   6.8369640e+02  -1.1273080e+02   1.6182000e+01
   1.2480000e+03   6.8424468e+02  -1.1273080e+02   1.6182000e+01
   1.2490000e+03   6.8479295e+02  -1.1273080e+02   1.6182000e+01
   1.2500000e+03   6.8534122e+02  -1.1273080e+02   1.5997000e+01
   1.2510000e+03   6.8588950e+02  -1.1273080e+02   1.4997000e+01
   1.2520000e+03   6.8643777e+02  -1.1273080e+02   1.4997000e+01
   1.2530000e+03   6.8698604e+02  -1.1273080e+02   1.4997000e+01
   1.2540000e+03   6.8753432e+02  -1.1273080e+02   1.4709000e+01
   1.2550000e+03   6.8808259e+02  -1.1273080e+02   1.4709000e+01
   1.2560000e+03   6.8863086e+02  -1.1273080e+02   1.4720000e+01
   1.2570000e+03   6.8917913e+02  -1.1273080e+02   1.4720000e+01
   1.2580000e+03   6.8972741e+02  -1.1273080e+02   1.4660000e+01
   1.2590000e+03   6.9027568e+02  -1.1273080e+02   1.4660000e+01
   1.2600000e+03   6.9082395e+02  -1.1273080e+02   1.5258000e+01
   1.2610000e+03   6.9137223e+02  -1.1273080e+02   1.5258000e+01
   1.2620000e+03   6.9192050e+02  -1.1273080e+02   1.5019000e+01
   1.2630000e+03   6.9246877e+02  -1.1273080e+02   1.6019000e+01
   1.2640000e+03   6.9301705e+02  -1.1273080e+02   1.6258000e+01
   1.2650000e+03   6.9356532e+02  -1.1273080e+02   1.6258000e+01
   1.2660000e+03   6.9411359e+02  -1.1273080e+02   1.6970000e+01
   1.2670000e+03   6.9466186e+02  -1.1273080e+02   1.5970000e+01
   1.2680000e+03   6.9521014e+02  -1.1273080e+02   1.5970000e+01
   1.2690000e+03   6.9575841e+02  -1.1273080e+02   1.5970000e+01
   1.2700000e+03   6.9630668e+02  -1.1273080e+02   1.4970000e+01
   1.2710000e+03   6.9685496e+02  -1.1273080e+02   1.5258000e+01
   1.2720000e+03   6.9740323e+02  -1.1273080e+02   1.3899000e+01
   1.2730000e+03   6.9795150e+02  -1.1273080e+02   1.2888000e+01
   1.2740000e+03   6.9849978e+02  -1.1273080e+02   1.2176000e+01
   1.2750000e+03   6.9904805e+02  -1.1273080e+02   1.1165000e+01
   1.2760000e+03   6.9959632e+02  -1.1273080e+02   1.1165000e+01
   1.2770000e+03   7.0014459e+02  -1.1273080e+02   9.8660000e+00
   1.2780000e+03   7.0069287e+02  -1.1273080e+02   1.1866000e+01
   1.2790000e+03   7.0124114e+02  -1.1273080e+02   1.2165000e+01
   1.2800000e+03   7.0178941e+02  -1.1273080e+02   1.2116000e+01
   1.2810000e+03   7.0233769e+02  -1.1273080e+02   1.3138000e+01
   1.2820000e+03   7.0288596e+02  -1.1273080e+02   1.3470000e+01
   1.2830000e+03   7.0343423e+02  -1.1273080e+02   1.7172000e+01
   1.2840000e+03   7.0398251e+02  -1.1273080e+02   2.1771000e+01
   1.2850000e+03   7.0453078e+02  -1.1273080e+02   2.7267000e+01
   1.2860000e+03   7.0507905e+02  -1.1273080e+02   3.5002000e+01
   1.2870000e+03   7.0562732e+02  -1.1273080e+02   5.3042000e+01
   1.2880000e+03   7.0617560e+02  -1.1273080e+02   7.3065000e+01
   1.2890000e+03   7.0672387e+02  -1.1273080e+02   8.2849000e+01
   1.2900000e+03   7.0727214e+02  -1.1273080e+02   8.3252000e+01
   1.2910000e+03   7.0782042e+02  -1.1273080e+02   8.0769000e+01
   1.2920000e+03   7.0836869e+02  -1.1273080e+02   8.0150000e+01
   1.2930000e+03   7.0891696e+02  -1.1273080e+02   8.1161000e+01
   1.2940000e+03   7.0946523e+02  -1.1273080e+02   7.8367000e+01
   1.2950000e+03   7.1001351e+02  -1.1273080e+02   7.7687000e+01
   1.2960000e+03   7.1056178e+02  -1.1273080e+02   7.9170000e+01
   1.2970000e+03   7.1111005e+02  -1.1273080e+02   7.2881000e+01
   1.2980000e+03   7.1165833e+02  -1.1273080e+02   5.7282000e+01
   1.2990000e+03   7.1220660e+02  -1.1273080e+02   4.3971000e+01
   1.3000000e+03   7.1275487e+02  -1.1273080e+02   3.3774000e+01
   1.3010000e+03   7.1330315e+02  -1.1273080e+02   2.7224000e+01
   1.3020000e+03   7.1385142e+02  -1.1273080e+02   2.2853000e+01
   1.3030000e+03   7.1439969e+02  -1.1273080e+02   1.8852000e+01
   1.3040000e+03   7.1494796e+02  -1.1273080e+02   1.4737000e+01
   1.3050000e+03   7.1549624e+02  -1.1273080e+02   1.2220000e+01
   1.3060000e+03   7.1604451e+02  -1.1273080e+02   1.0839000e+01
   1.3070000e+03   7.1659278e+02  -1.1273080e+02   1.0817000e+01
   1.3080000e+03   7.1714106e+02  -1.1273080e+02   1.0920000e+01
   1.3090000e+03   7.1768933e+02  -1.1273080e+02   9.9090000e+00
   1.3100000e+03   7.1823760e+02  -1.1273080e+02   1.0126000e+01
   1.3110000e+03   7.1878588e+02  -1.1273080e+02   9.8270000e+00
   1.3120000e+03   7.1933415e+02  -1.1273080e+02   9.8270000e+00
   1.3130000e+03   7.1988242e+02  -1.1273080e+02   8.8270000e+00
   1.3140000e+03   7.2043069e+02  -1.1273080e+02   8.8160000e+00
   1.3150000e+03   7.2097897e+02  -1.1273080e+02   8.8160000e+00
   1.3160000e+03   7.2152724e+02  -1.1273080e+02   9.1040000e+00
   1.3170000e+03   7.2207551e+02  -1.1273080e+02   8.1040000e+00
   1.3180000e+03   7.2262379e+02  -1.1273080e+02   7.8050000e+00
   1.3190000e+03   7.2317206e+02  -1.1273080e+02   7.8050000e+00
   1.3200000e+03   7.2372033e+02  -1.1273080e+02   7.8050000e+00
   1.3210000e+03   7.2426861e+02  -1.1273080e+02   7.8050000e+00
   1.3220000e+03   7.2481688e+02  -1.1273080e+02   7.8050000e+00
   1.3230000e+03   7.2536515e+02  -1.1273080e+02   7.8050000e+00
   1.3240000e+03   7.2591342e+02  -1.1273080e+02   8.1040000e+00
   1.3250000e+03   7.2646170e+02  -1.1273080e+02   7.8050000e+00
   1.3260000e+03   7.2700997e+02  -1.1273080e+02   6.8050000e+00
   1.3270000e+03   7.2755824e+02  -1.1273080e+02   6.7940000e+00
   1.3280000e+03   7.2810652e+02  -1.1273080e+02   6.7940000e+00
   1.3290000e+03   7.2865479e+02  -1.1273080e+02   6.7940000e+00
   1.3300000e+03   7.2920306e+02  -1.1273080e+02   6.7940000e+00
   1.3310000e+03   7.2975134e+02  -1.1273080e+02   6.7940000e+00
   1.3320000e+03   7.3029961e+02  -1.1273080e+02   7.0820000e+00
   1.3330000e+03   7.3084788e+02  -1.1273080e+02   7.0820000e+00
   1.3340000e+03   7.3139615e+02  -1.1273080e+02   8.0820000e+00
   1.3350000e+03   7.3194443e+02  -1.1273080e+02   8.0820000e+00
   1.3360000e+03   7.3249270e+02  -1.1273080e+02   8.0820000e+00
   1.3370000e+03   7.3304097e+02  -1.1273080e+02   8.0820000e+00
   1.3380000e+03   7.3358925e+02  -1.1273080e+02   8.0820000e+00
   1.3390000e+03   7.3413752e+02  -1.1273080e+02   8.0820000e+00
   1.3400000e+03   7.3468579e+02  -1.1273080e+02   8.0820000e+00
   1.3410000e+03   7.3523406e+02  -1.1273080e+02   8.0820000e+00
   1.3420000e+03   7.3578234e+02  -1.1273080e+02   8.0820000e+00
   1.3430000e+03   7.3633061e+02  -1.1273080e+02   8.0820000e+00
   1.3440000e+03   7.3687888e+02  -1.1273080e+02   8.0820000e+00
   1.3450000e+03   7.3742716e+02  -1.1273080e+02   8.0820000e+00
   1.3460000e+03   7.3797543e+02  -1.1273080e+02   8.0820000e+00
   1.3470000e+03   7.3852370e+02  -1.1273080e+02   8.0820000e+00
   1.3480000e+03   7.3907198e+02  -1.1273080e+02   8.0820000e+00
   1.3490000e+03   7.3962025e+02  -1.1273080e+02   8.0820000e+00
   1.3500000e+03   7.4016852e+02  -1.1273080e+02   8.0820000e+00
   1.3510000e+03   7.4071679e+02  -1.1273080e+02   8.0820000e+00
