 3.00000000e+000 0.00000000e+000 -2.00000000e+000
 1.00000000e+000 4.00000000e+000 5.00000000e+000
 -1.00000000e+000 1.00000000e+000 2.00000000e+000
 1.00000000e+000 -1.00000000e+000 1.00000000e+000
 0.00000000e+000 6.00000000e+000 1.00000000e+000
 3.00000000e+000 -2.00000000e+000 -5.00000000e+000
 1.00000000e+000 1.00000000e+000 4.00000000e+000
 2.50000000e+001 1.00000000e+000 1.00000000e+000
 9.00000000e+000 4.00000000e+000 9.00000000e+000
 3.00000000e+000 -0.00000000e+000 -2.00000000e+000
 0.00000000e+000 2.40000000e+001 5.00000000e+000
 -3.00000000e+000 -2.00000000e+000 -1.00000000e+001
 5.00000000e+000 0.00000000e+000 -3.00000000e+000
 -4.00000000e+000 9.00000000e+000 5.00000000e+000
 5.00000000e+000 1.00000000e+000 -6.00000000e+000
 -3.00000000e+000 1.00000000e+000 1.30000000e+001
 1.60000000e+001 1.30000000e+001 -2.00000000e+001
 5.00000000e+000 3.00000000e+000 -1.00000000e+001
 -1.00000000e+001 -4.00000000e+000 3.00000000e+000
 -3.00000000e+000 -6.00000000e+000 1.40000000e+001
 -1.60000000e+001 -5.00000000e+000 1.00000000e+000
 -3.00000000e+000 2.00000000e+000 -8.00000000e+000
 7.00000000e+000 -4.00000000e+000 1.70000000e+001
 -5.00000000e+000 3.00000000e+000 -1.20000000e+001
