32.744
21.781
59.170
60.986
32.960
59.450
89.725
60.752
87.801
72.173
100.405
109.447
93.885
88.098
74.851
92.408
182.855
324.797
433.679
189.243
92.741
171.295
40.162
84.581
58.969
58.647
45.480
37.600
48.214
89.301
45.792
45.947
45.792
39.447
30.803
52.995
130.758
75.104
45.740
109.100
50.285
57.503
43.779
24.058
64.059
78.077
74.502
55.530
182.816
204.183
126.348
85.585
76.202
111.061
33.247
44.902
49.763
110.933
89.540
37.600
59.490
95.687
31.185
47.967
44.049
28.315
90.959
78.924
104.571
28.315