   1.4037022e+02
   1.3313573e+02
   1.3857483e+02
   1.4472415e+02
   1.4659095e+02
   1.4734356e+02
   1.5010156e+02
   1.5466839e+02
   1.5181124e+02
   1.5202360e+02
   1.5580643e+02
   1.5445966e+02
   1.5663248e+02
   1.5258845e+02
   1.5371191e+02
   1.5007085e+02
   1.4966082e+02
   1.4899211e+02
   1.4009634e+02
   1.4128654e+02
   1.3890701e+02
   1.3828630e+02
   1.3541250e+02
   1.3342389e+02
   1.3501485e+02
   1.3515132e+02
   1.3519678e+02
   1.3642972e+02
   1.3378035e+02
   1.3777433e+02
   1.3785236e+02
   1.3803055e+02
   1.4390448e+02
   1.4502106e+02
   1.4524335e+02
   1.4235892e+02
   1.5449944e+02
   1.4285445e+02
   1.4624471e+02
   1.4712445e+02
   1.4270382e+02
   1.3588815e+02
   1.4059986e+02
   1.4050149e+02
   1.4514812e+02
   1.4812347e+02
   1.5167963e+02
   1.5445966e+02
   1.5592471e+02
   1.5031633e+02
